0.830 -0.140 0.770 0.150 0.930 0.350 0.860 -0.080 -0.510 -0.790 
0.620 -0.730 -0.100 -0.410 0.630 0.260 0.400 -0.740 0.720 0.360 
-0.890 0.680 0.670 -0.710 0.820 0.300 -0.380 0.230 -0.330 0.350 
0.290 -0.980 -0.780 -0.420 -0.310 0.670 0.930 -0.440 -0.890 -0.580 
-0.710 0.730 -0.790 0.190 0.840 0.370 0.980 0.240 0.150 0.700 
-0.870 0.260 -0.090 0.800 0.560 -0.270 -0.380 0.700 0.960 -0.190 
0.050 0.250 -0.160 0.270 0.360 0.050 -0.540 0.290 0.130 -0.430 
0.240 -0.050 0.820 0.450 -0.860 0.670 -0.660 0.640 -0.570 0.500 
-0.130 -0.920 -0.240 0.780 0.880 0.840 -0.970 -0.490 0.540 0.990 
0.320 -0.400 -0.240 0.680 0.390 -0.880 -0.740 0.860 -0.060 0.390 
0.950 0.700 -0.660 0.780 -0.330 -0.990 -0.030 0.020 0.170 -0.080 
-0.480 0.560 0.010 -0.200 -0.140 -0.590 -0.350 -0.110 -0.560 -0.810 
-0.600 0.290 -0.690 0.170 -0.030 0.710 -0.190 -0.250 0.090 0.270 
0.670 -0.440 -0.030 0.530 0.860 0.650 0.060 -0.170 -0.810 -0.760 
0.280 -0.290 0.320 -0.710 0.030 -0.810 -0.300 0.680 0.080 0.150 
0.400 0.490 0.960 0.230 -0.820 -0.550 -0.540 -0.490 0.210 0.550 
0.790 -0.120 0.640 -0.720 -0.590 0.500 0.930 0.000 -0.660 0.640 
0.240 0.140 0.870 -0.440 0.430 -0.090 -0.730 0.650 -0.410 0.360 
-0.680 0.510 -0.630 -0.720 -0.250 -0.930 -0.260 0.210 -0.420 0.950 
-0.710 -0.630 -0.650 0.930 -0.820 -0.720 0.430 -0.890 0.280 0.290 
0.760 -0.960 -0.570 0.630 -0.870 0.380 -0.940 -0.600 0.040 -0.820 
0.280 -0.120 0.690 0.170 0.170 0.960 0.240 0.430 -0.300 0.830 
-0.100 -0.010 0.720 0.250 -0.560 0.900 0.050 0.390 0.540 0.860 
-0.310 -0.180 0.420 -0.360 0.970 0.070 0.550 -0.960 0.480 -0.890 
-0.780 -0.720 -0.010 0.430 0.460 0.680 0.400 -0.780 0.110 -0.900 
-0.950 -0.990 -0.390 0.300 -0.220 0.050 0.200 0.360 -0.560 -0.740 
0.220 -0.350 0.080 -0.840 -0.180 -0.420 0.240 -0.630 -0.380 -0.760 
-1.000 -0.640 -0.480 -0.010 0.790 0.500 -0.320 -0.290 0.730 0.310 
-0.190 0.300 0.330 -0.060 -0.400 0.630 0.990 0.810 -0.010 0.960 
0.590 0.730 -0.870 -0.320 0.900 -0.050 0.260 -0.340 -0.160 0.400 
-0.100 -0.160 0.760 0.420 0.360 0.070 -0.550 0.560 0.790 -0.820 
-0.130 -0.880 0.480 0.720 -0.410 -0.910 0.360 -0.900 0.420 0.870 
-0.940 0.010 0.130 0.720 0.210 -0.450 -0.810 0.990 0.210 0.040 
0.390 -0.890 0.400 -0.330 0.050 -0.720 0.270 0.500 0.840 -0.420 
0.200 -0.760 -0.780 -0.310 0.960 -0.190 -0.700 -0.160 -0.080 0.720 
-0.280 -0.500 -0.750 0.850 -0.780 -0.010 -0.600 -0.580 -0.020 0.130 
-0.020 0.900 0.240 0.900 -0.910 0.810 -0.810 0.360 0.320 0.550 
0.940 -0.960 0.790 0.690 -0.270 0.760 -0.500 -0.450 -0.400 0.420 
0.790 -0.160 0.930 -0.950 -0.790 0.670 0.040 -0.870 0.610 0.540 
0.260 -0.410 0.440 -0.980 -0.980 0.060 0.840 -0.790 -0.580 -0.320 
0.280 0.890 -0.280 0.080 0.580 -0.020 -0.640 -0.920 0.530 -0.520 
0.030 0.330 0.330 -0.520 -0.100 0.540 0.670 0.460 0.680 0.290 
0.000 -0.540 0.880 0.970 -0.510 0.900 0.030 -0.670 0.630 -0.030 
-0.470 -0.080 -0.140 0.250 0.520 0.960 0.750 0.880 0.570 0.290 
-0.640 -0.400 -0.860 0.210 -0.400 0.040 -0.720 -0.730 -0.500 0.480 
0.560 0.020 0.940 -0.030 -0.010 -0.570 -0.610 -0.980 -0.720 -0.970 
0.000 -0.190 -0.530 0.380 0.590 0.510 0.350 0.340 0.390 -0.080 
-0.850 0.270 0.040 -0.710 -0.510 0.640 -0.150 -0.710 0.430 0.350 
0.770 0.000 -0.620 0.710 0.490 -0.110 0.670 0.880 -0.080 0.950 
0.430 0.440 -0.710 0.900 -0.180 0.400 0.410 0.690 -0.740 -0.680 
-0.390 -0.580 0.600 0.170 -0.770 0.610 -0.190 0.090 0.900 -0.750 
0.960 0.670 -0.230 -0.660 -0.100 -0.740 0.240 -0.430 -0.860 0.680 
-0.950 0.580 0.120 0.860 0.000 0.460 0.260 0.940 0.160 0.520 
0.780 0.290 0.460 -0.100 -0.530 0.700 -0.490 -0.200 -0.690 0.930 
-0.430 -0.730 0.120 -0.140 -0.860 0.550 0.120 -0.100 -0.880 -0.210 
-0.900 0.690 0.890 -0.260 0.550 -0.590 -0.800 -0.670 0.870 -0.120 
0.380 0.660 0.700 -0.160 -0.440 -0.830 -0.940 -0.400 -0.510 -0.630 
-0.950 -0.410 -0.830 0.180 0.450 0.830 -0.270 -0.420 -0.270 -0.630 
-0.110 -0.170 -0.930 -0.220 0.570 0.140 -0.290 0.290 0.000 -0.410 
-0.820 -0.620 -0.750 0.880 -0.260 -0.670 0.570 -0.190 -0.070 0.580 
-0.300 -0.010 -0.830 -0.610 0.690 0.630 -0.780 0.940 0.730 -0.530 
-0.690 -0.380 -0.180 0.900 -0.080 0.910 -0.430 0.150 0.210 0.570 
0.740 -0.090 0.470 0.510 -0.690 -0.790 0.370 0.400 -0.460 -0.700 
-0.020 0.250 -0.190 0.160 0.160 -0.980 -0.690 0.390 0.960 -0.960 
0.380 0.800 -0.820 -0.790 0.700 -0.380 -0.880 0.790 0.770 -0.150 
0.360 0.040 0.760 -0.170 -0.930 0.590 -0.430 0.440 -0.010 0.110 
0.270 0.500 -0.640 0.600 -0.820 0.050 0.630 -0.510 -0.560 0.110 
-0.950 0.340 -0.090 0.750 0.550 -0.860 0.890 0.680 0.930 0.180 
-0.950 -0.180 -0.780 0.820 0.170 -0.700 -0.070 0.740 0.260 0.930 
-0.140 -0.470 0.430 -0.260 -0.860 0.130 0.790 0.770 0.620 0.750 
-0.120 0.190 0.100 0.320 -0.060 -0.830 0.460 -0.650 0.370 -0.090 
0.530 0.430 0.730 0.280 0.250 -0.090 0.100 -0.820 -0.830 -0.640 
0.630 -0.450 -0.100 -0.420 0.300 0.040 0.710 -0.390 -0.670 -0.150 
0.890 -0.270 -0.960 -0.490 -0.950 -0.500 -0.320 0.030 -0.150 -0.940 
0.950 -0.610 0.490 0.200 0.670 -0.740 0.630 -0.230 0.960 0.810 
-0.350 0.600 -0.640 0.550 0.700 0.180 -0.890 0.420 0.320 0.960 
0.790 0.210 -0.300 0.840 0.720 -0.730 -0.660 -0.600 -0.170 -0.280 
0.980 -0.700 -0.370 0.470 0.500 -0.700 0.730 0.140 -0.410 0.220 
-0.530 0.240 -0.180 -0.650 -0.680 -0.960 0.540 -0.570 -0.020 -0.140 
-0.600 -0.220 0.590 -0.380 -0.380 -0.170 -0.590 -0.520 0.230 0.240 
-0.280 0.220 0.540 0.350 -0.790 -0.430 0.650 0.470 0.710 0.760 
-0.310 -0.820 0.010 0.030 -0.470 0.330 0.070 0.590 0.280 -0.940 
0.970 0.200 -0.160 0.080 0.340 -0.020 0.910 0.760 -0.020 0.150 
-0.480 0.710 0.890 0.590 0.060 -0.900 -0.840 -0.760 0.090 0.390 
-1.000 0.780 0.090 -0.470 -0.190 0.140 0.380 0.890 -0.740 -0.330 
0.470 -0.770 0.870 -0.690 0.320 0.220 -0.190 -0.250 -0.500 0.790 
0.900 -0.460 0.500 0.310 -0.870 -0.430 -0.060 0.810 -0.190 -0.970 
0.200 -0.670 0.820 0.810 -0.130 -0.850 -0.040 -0.750 -0.960 0.220 
-0.080 0.510 -0.030 -0.680 0.340 0.810 0.060 -0.850 -0.430 0.080 
0.950 0.990 0.620 -0.030 -0.170 0.760 0.540 0.770 0.090 0.870 
0.320 0.820 -0.790 -0.340 0.630 -0.400 -0.180 -0.890 -0.150 -0.140 
-0.150 0.300 0.900 0.830 0.140 -0.240 0.160 -0.800 -0.080 0.250 
0.280 -0.610 0.250 -0.100 0.360 0.600 -0.820 -0.570 0.370 0.280 
0.820 -0.790 0.100 0.550 -0.120 -0.750 -0.850 0.700 -0.630 -0.470 
-0.920 0.220 0.830 0.500 -0.430 -0.030 -0.730 0.260 -0.310 -0.290 
-0.490 0.490 0.100 0.280 -0.610 0.980 -0.120 -0.900 0.930 0.770 
-0.100 0.760 0.990 0.520 0.310 -0.130 0.770 -0.010 -0.430 0.660 
0.520 -0.830 -0.590 0.350 0.680 -0.020 0.840 0.950 0.760 -0.950 
-0.340 -0.720 0.540 0.280 0.080 0.930 -0.220 0.970 0.550 -0.280 
0.740 -0.550 -1.000 0.250 0.970 -0.170 -0.880 0.270 0.820 -0.790 
-0.070 0.340 -0.610 0.340 -0.790 0.590 0.850 0.570 0.540 0.610 
0.620 0.720 0.410 0.160 -0.480 -0.500 -0.380 -0.180 0.990 -0.830 
0.540 0.730 -0.850 0.060 -0.490 0.640 0.900 -0.370 -0.090 0.720 
-0.630 0.370 -0.410 -0.720 -0.290 -0.200 0.870 -0.440 0.900 0.410 
0.700 0.520 -0.350 0.110 -0.310 0.170 0.610 -0.170 0.510 0.120 
0.000 0.060 -0.620 -0.330 0.640 -0.110 -0.680 0.540 0.040 -0.250 
-0.210 0.410 -0.880 0.380 0.690 -0.640 0.700 0.560 -0.560 0.600 
-0.510 -0.860 -0.350 0.140 0.260 -0.140 0.830 -0.610 0.690 0.350 
0.520 -0.790 0.930 0.900 -0.110 0.090 -0.690 -0.270 -0.360 0.350 
0.480 -0.050 -0.230 0.130 -0.670 0.980 0.490 0.550 0.550 0.930 
-0.320 0.560 0.600 0.330 -0.770 -0.140 0.710 0.580 -0.230 0.400 
-0.550 0.810 0.610 0.900 0.230 -0.500 0.000 0.540 -0.250 0.640 
-0.580 -0.760 -0.410 0.190 -0.110 -0.560 -0.310 -0.620 0.510 0.760 
0.830 -0.810 0.330 0.430 0.040 0.560 0.810 -0.250 -0.340 -0.890 
0.670 0.120 0.920 0.290 0.020 -0.320 0.310 -0.980 0.740 -0.930 
0.180 -0.840 0.830 0.770 -0.130 -0.280 0.730 0.570 -0.380 0.250 
0.330 0.970 -0.040 -0.820 0.410 0.530 0.260 -0.260 0.800 0.930 
-0.150 0.480 0.050 -0.700 -0.710 0.590 -0.020 0.600 0.620 -0.760 
0.190 -0.200 -0.590 0.020 -0.900 -0.200 0.260 0.830 0.890 0.400 
0.080 0.230 0.380 0.570 -0.070 -0.690 0.100 -0.800 0.050 -0.100 
-0.870 0.910 -0.620 -0.300 -0.790 -0.330 -0.710 -0.290 0.800 0.430 
-0.050 -0.010 -0.760 -0.120 0.540 0.860 0.690 -0.680 0.690 0.100 
0.730 -0.700 -0.670 -0.370 0.870 -0.210 -0.060 -0.510 -0.010 0.510 
0.390 -0.360 0.420 0.300 -0.140 0.150 0.490 0.150 0.860 -0.190 
-0.890 -0.660 0.330 0.870 0.220 -0.130 0.730 -0.570 0.190 0.420 
0.540 -0.560 0.240 0.390 -0.410 -0.370 -0.820 0.530 0.120 -0.310 
0.050 -0.960 0.330 0.990 0.340 -0.810 0.150 -0.650 -0.130 -0.470 
-0.310 -0.500 -0.130 -0.980 -0.630 0.620 -0.110 -0.900 -0.950 0.600 
0.040 0.110 0.570 -0.710 -0.970 -0.840 -0.080 -0.790 0.220 -0.950 
-0.570 0.790 0.610 0.280 0.780 -0.530 0.000 -0.550 -0.180 0.870 
-0.010 0.510 0.890 0.860 0.530 -0.740 0.480 0.940 -0.640 0.060 
0.070 -0.080 -0.830 -0.360 0.210 -0.800 -0.200 0.660 0.940 0.540 
0.230 -0.630 0.330 -0.160 0.170 0.120 0.310 -0.830 0.090 0.650 
0.560 -0.920 -0.310 0.450 0.950 -0.780 0.710 -0.050 0.690 0.590 
-0.990 -0.240 -0.480 0.710 0.400 0.250 0.430 0.720 -0.090 -0.110 
0.270 0.660 -0.220 -0.880 -0.500 0.960 0.240 0.330 -0.870 0.860 
-0.010 0.700 0.940 0.680 0.150 0.410 0.420 -0.610 -0.630 -0.370 
0.980 0.900 0.390 -0.980 0.130 -0.690 0.280 -0.430 -0.960 0.710 
0.460 -0.170 0.380 -0.750 -0.050 0.400 -0.790 0.720 -0.740 -0.660 
0.580 0.250 0.560 0.520 -0.550 -0.280 -0.540 0.390 0.110 -0.170 
-0.970 -0.390 -0.750 0.420 -0.840 0.390 0.740 0.440 0.960 0.300 
-0.330 -0.060 -0.870 0.570 0.190 -0.400 -0.500 -0.080 -0.680 -0.240 
-0.210 0.900 0.530 -0.650 -0.050 0.980 0.070 0.410 0.370 0.700 
0.760 0.400 0.840 -0.990 -0.170 -1.000 -0.080 -0.910 -0.040 -0.600 
0.390 0.630 0.350 0.040 -0.270 -0.940 0.640 0.230 -0.490 0.490 
0.510 0.300 0.390 0.040 0.650 0.860 0.020 -0.750 -0.210 0.910 
0.470 -0.930 -0.160 0.310 0.610 0.190 0.310 -0.470 0.280 -0.730 
-0.060 -0.810 0.430 0.810 0.230 0.680 0.870 -0.610 -0.570 -0.620 
0.880 0.940 0.200 -0.200 -0.020 -0.140 -0.820 0.520 -0.370 -0.020 
-0.050 -0.900 0.050 0.790 0.420 -0.340 -0.020 -0.750 -0.280 0.780 
-0.470 0.660 0.970 0.480 0.470 -0.280 0.160 -0.140 0.120 0.590 
-0.230 0.000 0.530 0.970 0.320 -0.970 -0.650 0.510 0.070 -0.020 
-0.510 0.540 -0.390 0.060 0.340 -0.970 0.250 0.840 -0.720 0.970 
0.630 -0.670 0.150 0.600 0.810 -0.860 0.850 -0.030 0.000 -0.030 
-0.920 0.290 0.490 0.130 -0.210 -0.660 0.160 0.140 0.850 0.750 
0.650 0.860 0.300 -0.740 -0.080 -0.840 -0.710 0.690 0.520 -0.910 
0.660 0.150 0.950 -0.670 -0.720 0.760 -0.530 -0.870 -0.740 0.000 
-0.380 0.860 -0.710 0.630 0.000 0.080 0.970 -0.840 0.750 0.820 
0.440 0.400 0.200 -0.740 0.180 0.650 0.940 -0.010 0.340 0.460 
0.080 -0.470 -0.380 0.030 -0.140 -0.580 -0.680 0.340 -0.930 -0.900 
-0.660 -0.310 0.960 -0.850 0.840 -0.040 0.240 0.820 -0.350 -0.490 
0.160 0.610 0.430 -0.630 0.870 -0.390 -0.980 0.810 0.600 -0.120 
-0.210 -0.800 0.410 -0.070 0.240 -0.720 0.350 0.080 0.620 0.420 
-0.300 0.960 0.630 -0.340 -0.890 0.000 0.150 -0.130 -0.660 0.320 
-0.100 0.500 -0.070 -0.670 0.390 -0.200 -0.060 -0.070 -0.870 -0.460 
0.820 -0.560 -0.250 0.230 0.380 0.510 0.510 -0.270 -0.890 -0.350 
0.680 -0.190 -0.870 -0.170 -0.010 0.770 0.350 -0.860 -0.360 0.690 
0.460 0.070 -0.280 0.910 0.400 -0.890 -0.770 0.870 -0.430 -0.640 
0.930 -0.610 -0.190 -0.800 0.140 0.710 0.710 -0.820 0.960 0.340 
-0.170 0.640 0.670 -0.030 -1.000 -0.330 -0.260 0.350 -0.670 -0.100 
-0.430 0.320 0.490 0.290 0.230 -0.100 -0.080 0.470 -0.710 0.490 
0.350 -0.780 0.400 0.680 -0.570 -0.450 0.390 0.660 -0.750 0.360 
-0.470 -0.400 -0.480 -0.800 0.570 -0.960 -0.130 0.830 0.400 0.210 
-0.740 0.970 -0.950 0.270 -0.220 0.280 0.690 0.700 -0.730 0.980 
0.200 0.630 -0.790 -0.400 -0.170 -0.840 -0.330 -0.770 0.820 -0.080 
0.110 -0.650 0.530 0.630 -0.920 -0.380 0.680 -0.050 0.980 -0.400 
0.680 0.760 -0.910 0.730 0.030 -0.130 -0.460 -0.270 -0.430 -0.190 
-0.770 0.290 0.960 -0.560 0.420 -0.200 -0.880 -0.910 -0.450 0.470 
-0.460 0.660 0.340 0.590 -0.190 0.420 0.730 -0.990 -0.620 0.710 
-0.870 0.580 -0.010 -0.780 -0.160 0.550 -0.390 -0.100 0.800 -0.290 
0.230 -0.970 -1.000 0.200 -1.000 0.420 0.520 -0.880 0.040 -0.930 
0.590 0.580 0.250 -0.060 0.170 0.580 -0.640 -0.100 0.600 -0.740 
-0.860 0.730 0.370 -0.350 0.480 -0.790 -0.800 -0.910 -0.370 -1.000 
-0.680 0.860 -0.960 -0.670 -0.420 0.560 0.270 -0.900 0.680 -0.690 
0.690 0.280 0.410 -0.540 0.740 -0.420 -0.950 -0.900 0.010 0.650 
0.890 -0.330 -0.100 0.260 0.320 -0.620 -0.010 0.050 -1.000 0.620 
-0.430 -0.680 0.480 -0.390 -0.830 -0.930 0.690 -0.030 0.690 0.380 
0.280 0.390 -0.820 -0.300 0.850 0.920 -0.200 0.420 0.540 0.330 
0.070 0.430 -1.000 0.500 -0.790 -0.150 0.880 0.200 0.900 0.400 
-0.660 -0.530 0.250 0.830 -0.390 -0.060 0.420 -0.700 0.910 -0.370 
0.200 0.200 0.540 0.380 0.420 -0.080 0.300 -0.780 -0.660 -0.150 
0.080 -0.060 0.800 0.080 -0.560 -0.980 0.450 0.840 0.220 -0.130 
0.250 0.570 0.350 -0.980 -0.080 0.480 -0.040 0.860 0.300 -0.600 
-0.510 -0.490 0.120 0.560 0.890 -0.460 -0.520 -0.280 -0.720 -0.180 
0.570 -0.120 0.760 0.370 0.970 -0.800 0.390 -0.060 -0.950 -0.860 
0.820 -0.180 0.230 -0.310 -0.640 -0.850 -0.830 -0.160 0.530 -0.010 
0.240 0.540 0.500 -0.640 0.100 -0.080 -0.580 0.580 0.640 -0.770 
-0.590 0.210 0.110 0.690 -0.900 -0.400 0.900 0.020 0.550 0.470 
0.160 -0.110 0.810 -0.610 0.580 -0.830 -0.940 0.750 0.010 0.110 
-0.260 0.780 -0.350 0.770 0.660 0.760 -0.310 0.610 0.340 -0.670 
0.360 0.270 0.060 0.990 -0.030 0.160 -0.400 -0.610 0.700 0.670 
0.860 -0.140 -0.920 0.670 -0.230 0.660 0.360 -0.650 -0.070 -0.630 
0.460 0.190 0.670 -0.880 -0.040 0.340 0.400 0.170 -0.050 -0.260 
0.500 -0.690 -0.980 -0.920 -0.700 -0.490 0.250 -0.580 -0.100 -0.530 
0.610 -0.240 0.340 0.690 0.950 0.630 0.350 0.310 0.510 0.800 
0.200 -0.030 0.000 -0.120 -0.390 0.960 0.740 -0.990 0.140 -0.310 
-0.720 -0.840 -0.480 0.820 -0.750 -0.180 -0.670 0.020 -0.230 0.230 
0.490 0.900 0.510 -0.650 0.600 0.460 0.990 -0.530 -0.710 0.020 
-0.720 0.490 0.990 0.280 0.890 -0.870 -0.240 0.630 0.660 0.900 
0.840 0.940 0.590 -0.640 0.760 0.840 -0.290 -0.910 -0.620 0.000 
-0.160 0.390 -0.100 -0.650 0.750 -0.500 0.810 0.260 -0.500 0.620 
-0.720 -0.220 -0.360 0.790 0.580 -0.470 0.440 -0.660 0.690 0.110 
0.770 0.050 -0.430 0.360 0.420 -0.660 -0.280 0.650 0.950 0.100 
-0.350 -0.680 -0.510 0.070 -0.330 0.760 0.580 -0.990 0.020 0.600 
0.630 -0.180 -0.620 -0.730 -0.860 0.960 -0.670 0.580 -0.700 0.540 
-0.310 -0.930 -0.410 0.270 -0.050 -0.990 0.130 0.670 0.180 -0.400 
-0.710 0.350 -0.080 -0.690 -0.570 0.120 -0.930 0.530 0.130 -0.380 
0.130 -0.720 -0.040 0.510 -0.440 0.100 -0.010 -0.590 -0.310 -0.190 
0.950 -0.100 -0.110 -0.460 0.690 0.360 -0.920 -0.180 0.040 0.260 
-0.050 0.330 -0.860 0.870 0.640 -0.430 -0.490 0.240 -0.900 0.640 
0.380 0.230 0.930 -0.660 -0.740 -0.990 0.450 0.250 0.940 0.660 
-0.940 0.890 -0.440 -0.530 0.950 -0.740 0.840 -0.970 -0.400 -0.600 
-0.180 0.550 0.730 -0.520 -0.050 -0.100 0.050 0.460 0.660 -0.330 
-0.370 0.040 0.900 -0.920 -0.100 0.680 0.610 -0.650 -0.070 0.550 
-0.990 -0.490 0.440 -0.900 -0.490 -0.090 0.880 -0.650 -0.530 -0.520 
-0.250 -0.190 0.560 -1.000 0.290 -0.490 -0.580 -0.660 0.490 0.600 
0.010 0.640 -0.360 -0.570 0.720 0.550 -0.890 0.330 0.420 -0.440 
-0.600 -0.040 -0.410 0.360 -0.420 0.100 -0.720 -0.540 -0.030 -0.250 
-0.060 0.240 0.560 -0.500 0.250 -0.150 -0.470 0.190 -0.290 0.550 
-0.200 0.240 0.190 -0.040 0.670 -0.560 -0.970 0.300 0.290 0.460 
0.860 0.700 0.940 -0.550 -0.420 -0.480 0.080 -0.140 -0.020 -0.950 
0.130 0.440 0.300 -0.790 0.470 -0.930 -0.420 -1.000 -0.220 0.290 
0.070 0.580 -0.470 0.790 -0.930 0.720 0.750 -0.900 0.020 0.040 
0.080 -0.600 -0.740 0.020 -0.140 -0.150 0.060 0.460 0.230 -0.960 
0.510 -0.630 0.010 -0.670 -0.900 -0.520 0.920 -0.310 -1.000 -0.290 
0.500 0.080 0.810 0.560 -0.130 0.880 0.280 -0.380 0.510 0.830 
0.180 -0.410 -0.770 0.450 0.140 -0.390 0.820 0.720 -0.930 -0.430 
0.290 0.110 -0.060 -0.700 0.440 -0.430 -0.220 0.370 0.260 -0.220 
0.600 -0.720 0.860 0.410 0.840 -0.750 -0.180 -0.350 -0.610 -0.670 
-0.520 0.580 -0.560 -0.770 -0.450 0.100 -0.150 0.890 -0.170 -0.560 
-0.540 -0.880 0.550 -0.070 -0.580 0.000 0.500 0.200 0.890 -0.720 
0.500 0.490 -0.440 0.370 -0.580 -0.590 0.140 0.240 -0.420 0.540 
0.090 -0.420 -0.360 0.540 -0.190 0.190 -0.840 0.180 -0.400 -0.010 
0.630 0.060 -0.370 0.180 0.990 0.050 0.700 0.010 0.770 0.110 
0.290 0.280 -0.880 0.860 -0.830 -0.450 0.790 -0.170 0.790 0.890 
-0.630 -0.110 -0.530 -0.470 0.950 -0.200 0.240 -0.890 0.990 0.840 
0.110 0.140 -0.570 0.260 0.840 -0.580 -0.680 0.070 -0.040 0.610 
-0.820 -0.750 -0.590 -0.690 0.630 -0.900 -0.140 -0.060 -0.060 -0.830 
-0.650 -0.170 -0.420 -0.180 0.370 -0.470 0.150 -0.870 -0.830 0.140 
0.980 -0.200 0.800 -0.590 -0.940 0.640 -0.650 -0.620 -0.770 0.310 
0.520 -0.580 0.090 0.450 -0.750 -0.760 0.560 -0.370 -0.290 -0.980 
-0.200 0.060 -0.150 -0.090 0.890 0.740 0.440 -0.440 0.880 0.610 
0.700 0.380 -0.590 0.020 0.790 -0.520 -0.820 0.660 -0.620 -0.580 
-0.500 0.420 -0.160 0.590 -0.120 -0.390 0.350 0.960 0.240 -0.940 
0.980 0.560 0.130 -0.650 -0.530 -0.460 0.620 0.440 0.100 0.020 
-0.430 -0.680 -0.600 -0.490 -0.140 0.710 -0.010 0.040 -0.110 -0.110 
0.460 0.390 0.840 0.820 -0.500 -0.280 -0.570 0.860 -0.320 0.190 
0.920 -0.820 -0.240 -0.430 -0.470 -0.250 -0.370 -0.850 -0.810 0.250 
-0.310 -0.230 0.090 0.090 -0.200 0.950 -0.680 0.310 0.000 0.220 
-0.800 -0.540 -0.870 0.560 -0.710 -0.360 -0.720 -0.760 -0.500 -0.520 
0.440 0.940 -0.820 0.720 -0.960 -0.280 -0.530 -0.330 -0.610 -0.810 
0.930 0.090 -0.520 -0.460 0.700 0.280 -0.500 0.550 -0.410 0.500 
-0.710 -0.690 0.480 -0.580 0.880 0.770 0.060 0.680 0.540 0.080 
0.690 -0.020 0.030 0.870 -0.300 0.070 -0.890 -0.310 0.260 -0.970 
-0.600 -0.290 -0.360 -0.120 0.260 0.860 -0.840 0.760 0.410 -0.730 
-0.220 0.220 -0.410 -0.740 0.650 0.990 -0.960 -0.770 0.670 0.580 
0.320 -0.120 -0.920 0.870 -0.240 -0.700 -0.060 -0.610 -0.490 0.720 
-0.580 -0.080 -0.560 0.060 0.800 0.220 -0.070 0.490 -0.020 0.860 
0.280 0.760 0.090 0.870 -0.980 -0.740 0.380 0.580 -0.510 -0.420 
-0.320 0.810 0.460 -0.720 0.200 0.740 -0.420 -0.860 -0.860 -0.380 
0.390 -0.440 0.540 0.350 0.150 0.340 -0.430 0.600 -0.650 0.070 
0.460 0.640 -0.170 -0.450 0.030 -0.630 -0.670 -0.580 0.480 -0.170 
0.000 0.680 -0.840 -0.540 0.490 0.370 -0.790 0.590 0.030 0.870 
-0.790 -0.580 -0.570 0.750 0.770 0.100 -0.380 0.860 -0.300 -0.030 
-0.070 -0.830 -0.390 0.280 -0.760 0.170 0.660 -0.420 0.590 -0.340 
-0.070 -0.410 0.860 0.090 -0.430 0.350 -0.540 -0.700 -0.050 0.020 
-0.830 0.160 -0.040 -0.870 -0.080 -0.260 0.230 0.060 -0.400 0.940 
-0.970 0.060 0.630 -0.830 -0.660 0.390 0.340 0.520 0.490 -0.070 
-0.820 -0.580 0.040 -0.950 0.040 0.130 -0.080 0.020 0.440 0.870 
-0.960 0.610 -0.440 0.010 0.260 0.480 0.270 -0.500 -0.460 0.390 
0.960 -0.910 -0.550 0.110 -0.740 -0.200 -0.980 0.120 -0.680 0.520 
0.570 -0.970 0.460 -0.390 0.600 -0.500 0.270 -0.480 0.530 -0.290 
-0.600 0.570 0.840 -0.520 -0.900 0.110 0.480 0.370 0.130 0.540 
-0.230 -0.390 0.630 -0.260 0.240 0.420 0.540 0.260 -0.460 0.390 
-0.220 0.640 0.420 -0.750 0.770 0.020 -0.730 0.040 0.540 0.800 
0.750 0.460 -0.100 0.600 0.940 0.000 -0.770 0.420 0.900 -0.120 
-0.040 -0.810 0.490 -0.880 -0.070 -0.750 0.540 -0.520 0.510 0.600 
0.870 0.820 0.240 0.290 0.590 0.020 0.830 0.860 -0.940 0.370 
0.670 0.340 -0.640 -0.910 -0.540 -0.700 0.090 -0.310 0.250 -0.490 
0.570 0.730 -0.300 -0.420 0.850 0.640 -0.170 0.390 0.640 0.860 
-0.480 0.030 0.680 0.760 -0.680 0.270 -0.700 0.670 -0.340 -0.630 
0.040 -0.670 0.710 -0.080 0.940 -0.830 -0.250 -0.450 -0.620 -1.000 
0.070 0.470 0.730 0.770 0.570 0.590 -0.070 0.920 -0.500 -0.430 
0.780 0.020 0.600 0.470 -0.690 0.440 -0.740 -0.390 0.110 -0.080 
-0.020 0.680 -0.230 -0.790 -0.400 -0.290 0.900 -0.130 -0.210 0.800 
-0.130 0.860 -0.210 -0.870 0.630 -0.640 0.240 -0.910 -0.720 0.740 
-0.340 0.590 -0.710 -0.730 -0.420 -0.400 0.710 -0.160 -0.270 -0.650 
0.290 0.240 -0.970 0.580 0.450 -0.850 0.820 -0.120 0.030 -0.390 
-0.320 0.420 -0.530 0.000 0.550 0.620 0.360 -0.690 0.710 0.170 
0.580 -0.620 -0.240 0.870 -0.830 0.340 0.990 0.400 0.700 -0.280 
0.270 -0.490 0.960 -0.180 -0.900 -0.060 -0.020 0.920 0.820 0.530 
-0.470 -0.980 -0.530 -0.480 -0.460 0.550 -0.860 0.910 0.860 0.380 
-0.400 0.440 0.280 -0.120 -0.170 0.450 -0.780 -0.660 -0.630 0.440 
0.070 0.650 0.960 -0.450 -0.530 -0.940 0.490 -0.030 0.500 -0.170 
-0.980 -0.970 -0.620 -0.500 -0.450 -0.080 -0.950 -0.790 -0.650 0.910 
0.110 -0.050 -0.120 -0.610 0.830 0.230 0.360 0.570 0.580 0.260 
0.020 -0.350 -0.090 -0.500 0.200 -0.100 -0.920 -0.780 0.880 0.580 
-0.430 0.900 0.610 -0.050 -0.600 0.680 0.400 0.970 0.410 0.750 
0.410 -0.470 -0.770 -0.710 -0.560 0.580 0.520 0.330 0.160 0.100 
-0.410 0.700 0.270 0.500 0.720 -1.000 -0.600 0.800 0.740 0.800 
0.380 -0.690 0.710 -0.010 -0.210 0.630 -0.810 -0.810 0.610 0.120 
0.460 -0.460 0.170 0.690 -0.170 0.620 0.280 0.870 -0.050 0.960 
-0.500 0.540 0.660 0.290 -0.440 0.380 0.290 -0.040 0.180 -0.450 
-0.710 -0.920 -0.130 -1.000 0.070 0.180 0.150 -0.220 0.370 -0.720 
0.900 -0.650 -0.180 0.080 -0.950 0.170 -0.780 -0.150 -0.430 -0.310 
-0.190 0.070 -0.770 0.990 -0.640 -0.210 -0.110 0.180 0.270 -0.930 
0.730 0.560 -0.850 -0.880 0.080 -0.260 0.300 0.760 0.040 -0.810 
0.560 -0.540 -0.450 -0.610 0.060 -0.880 0.080 0.280 -0.030 0.650 
0.970 0.300 -0.280 0.720 0.290 -0.390 -0.970 -0.820 0.310 -0.170 
0.770 -0.440 0.910 0.440 -0.310 -0.480 0.700 0.510 -0.720 -0.740 
0.230 0.840 -0.280 0.300 0.750 0.790 -0.060 -0.160 -0.410 0.910 
-0.510 -0.910 -0.270 -0.260 0.810 -0.980 0.350 0.370 0.720 -0.340 
-0.800 0.010 -0.260 -0.890 -0.550 0.430 -0.850 0.670 -0.530 -0.570 
0.930 0.220 0.800 -0.830 -0.960 0.070 0.960 -0.020 0.910 -0.920 
-0.110 0.930 -0.830 0.620 -0.330 0.500 0.160 0.540 -0.130 -0.600 
0.720 -0.410 0.410 -0.540 -0.770 0.380 0.420 -0.620 0.050 0.890 
-0.180 -0.500 -0.370 -0.860 -0.330 -0.330 0.210 -0.840 0.650 -0.350 
-0.760 -0.940 -0.420 -0.590 0.200 0.250 0.910 0.880 -0.210 -0.690 
-0.720 -0.490 -0.100 0.690 -0.030 0.130 -0.410 0.910 0.520 0.160 
0.320 0.860 0.660 0.950 -1.000 0.850 -0.860 -0.270 -0.990 0.790 
0.380 0.770 0.370 0.960 -0.820 -0.430 -0.270 0.620 -0.550 0.040 
0.930 -0.750 0.070 -0.650 0.460 -0.950 0.490 -0.950 0.480 -0.470 
-0.270 -0.190 -0.610 -0.610 -0.240 0.910 0.770 -0.090 -0.360 0.300 
-0.780 0.550 0.080 0.600 0.510 0.260 0.690 0.770 -0.600 -0.850 
-0.190 -0.670 0.920 0.890 -0.310 0.390 0.460 0.700 -0.040 -0.060 
-0.770 0.700 0.750 -0.860 0.610 -0.960 -0.950 0.380 -0.050 -0.790 
-0.310 -0.310 0.760 0.770 -0.710 -0.200 -0.450 0.990 -0.430 -0.040 
0.660 0.380 -0.190 0.580 -0.210 0.020 -0.510 -0.750 -0.760 0.460 
-0.280 -0.530 0.160 -0.530 -0.390 -0.230 -0.490 -0.820 -0.840 -0.020 
-0.600 -0.630 0.680 -0.840 0.660 0.490 -0.040 -0.790 0.480 0.050 
-0.310 -0.340 0.960 0.510 0.770 -0.250 -0.950 -0.740 -0.470 -0.700 
0.720 0.250 -0.710 -0.120 0.720 -0.570 0.180 0.760 -0.390 -0.140 
-0.740 0.010 0.230 0.940 -0.300 -0.110 -0.040 0.180 -0.380 0.960 
-0.760 0.320 -0.370 -0.800 -0.650 -0.600 -0.530 0.920 -0.820 0.000 
-0.780 0.430 -0.750 -0.960 0.830 0.500 -0.530 0.010 -0.220 0.080 
0.870 0.040 0.620 -0.380 -0.490 -0.680 0.510 0.470 0.020 0.660 
0.430 0.260 -0.500 0.580 -0.020 -0.630 0.500 -0.020 -0.710 0.690 
0.980 -0.960 0.120 0.760 -0.920 -0.530 -0.220 -0.450 0.490 0.080 
0.630 0.360 0.640 -0.230 0.510 -0.850 0.090 -0.460 0.140 -0.880 
-0.800 -0.900 -0.100 -0.300 0.680 0.410 0.070 -0.290 -0.610 -0.110 
-0.600 0.890 -0.070 0.040 0.170 -0.470 0.510 0.470 0.080 -0.480 
-0.450 -0.770 0.410 0.720 0.010 -0.080 0.390 0.620 0.460 -0.460 
0.260 0.190 -0.840 0.690 0.890 0.840 0.100 -0.510 -0.450 0.010 
-0.100 -0.530 -0.580 0.830 0.030 0.120 0.880 -0.930 -0.890 -0.040 
-0.890 -0.810 -0.290 0.520 0.910 0.240 0.960 0.300 -0.130 0.430 
0.360 0.650 -0.380 0.520 0.340 -0.970 -0.110 0.960 -0.960 -0.040 
-0.030 -0.060 -0.040 -0.080 -0.710 0.990 0.560 -0.830 0.580 0.670 
-0.350 0.220 0.860 0.370 -0.260 0.770 -0.390 -0.290 0.080 0.000 
0.660 0.960 -0.340 0.800 0.490 -1.000 0.350 -0.620 0.970 0.400 
0.340 -0.540 0.860 -0.700 -0.100 -0.840 0.820 -0.540 0.850 -0.080 
-0.860 -0.490 -0.860 0.520 0.400 -0.590 0.300 0.530 -0.360 0.900 
-0.460 -0.700 0.860 -0.280 0.620 -0.130 -0.280 -0.030 0.250 -0.790 
0.890 -0.400 -0.800 0.760 -0.580 0.100 0.920 -0.760 0.090 0.290 
-0.310 -0.250 0.800 -0.170 -0.730 0.200 0.240 0.090 -0.260 0.880 
-0.010 -0.200 0.700 -0.620 0.520 0.320 0.250 0.760 0.820 -0.490 
0.980 0.710 -0.370 0.700 0.470 -0.430 -0.680 -0.090 -0.660 0.410 
-0.790 0.030 -0.840 0.530 0.380 0.960 -0.740 -0.370 0.050 -0.480 
-0.970 0.570 0.320 0.260 0.950 -0.640 -0.420 0.200 -0.880 0.920 
0.230 0.620 0.640 0.380 0.320 -0.370 0.480 0.650 0.070 0.820 
-0.420 0.280 -0.630 -0.730 -0.670 0.750 -0.770 -0.410 0.900 0.280 
0.110 0.460 -0.150 0.950 -0.280 -0.680 -0.690 -0.180 0.050 0.960 
-0.250 -0.720 0.580 -0.610 0.190 -0.570 -0.460 -0.330 0.600 0.610 
-0.990 0.700 -0.590 -0.620 0.970 -0.250 -0.870 -0.800 -0.140 0.560 
0.010 0.980 0.020 0.380 0.450 0.740 0.230 0.290 -0.440 -0.720 
0.250 0.310 -0.920 -0.650 0.220 -0.210 -0.700 0.770 0.460 0.900 
-0.100 0.470 0.130 0.320 0.370 0.100 -0.930 0.510 -0.170 -0.070 
0.070 0.360 -0.570 -0.910 -0.740 0.890 0.350 0.490 0.180 0.910 
0.770 0.950 0.230 0.380 -0.700 0.970 -0.830 -0.870 0.740 0.160 
0.550 -0.350 -0.850 -0.320 0.490 0.530 0.790 0.560 -0.440 -0.860 
-0.990 0.150 0.500 0.970 -0.240 0.760 0.380 -0.890 0.260 -0.920 
-0.980 -0.450 -0.970 -0.230 0.930 0.850 -0.250 -0.890 0.980 -0.990 
0.270 0.060 -0.820 0.420 0.740 0.670 -0.530 0.530 0.230 0.030 
0.670 -0.230 -0.820 -0.310 -0.740 -0.060 -0.540 0.640 0.050 0.240 
0.720 -0.400 0.790 0.270 0.370 0.250 -0.360 0.640 0.360 -0.850 
0.660 -0.850 0.210 0.840 0.090 -0.050 0.520 0.570 -0.990 -0.730 
-0.400 0.200 -0.440 -0.690 0.900 -0.180 0.250 0.880 -0.540 0.830 
0.120 0.700 -0.570 -0.090 -0.510 0.320 -0.840 -0.340 -0.030 0.040 
-0.190 -0.370 -0.290 0.540 0.990 0.810 -0.990 0.510 -0.100 -0.980 
0.310 0.020 -0.250 0.870 0.330 -0.350 -0.300 -0.890 -0.950 -0.320 
0.460 0.170 0.910 0.890 0.600 0.920 -0.270 0.290 -0.420 0.700 
-0.670 -0.090 0.850 -0.430 0.970 0.370 0.900 0.990 -0.120 -0.200 
0.530 0.710 0.340 -0.720 0.590 -0.800 -0.550 0.810 0.830 -0.500 
-0.990 0.290 0.190 0.920 -0.300 -0.200 0.370 0.430 -0.910 0.470 
-0.340 0.940 -0.610 -0.970 -0.970 0.880 0.400 0.930 0.870 0.810 
-0.750 0.410 0.520 0.120 0.210 -0.370 0.320 0.670 -0.560 0.150 
0.690 -0.540 -0.560 -0.110 0.900 0.140 0.210 0.270 -0.910 0.300 
-0.250 -0.250 -0.240 -0.340 -0.690 -0.200 -0.460 0.710 -0.750 -0.580 
0.040 -0.970 0.350 -0.430 0.150 -0.440 -0.280 -0.530 0.750 0.170 
0.140 0.450 0.630 0.580 0.860 0.530 -0.760 0.070 -0.190 -0.670 
0.890 0.080 -0.390 -0.830 0.740 -0.080 -0.510 -0.720 -0.850 -0.250 
-0.780 -0.280 -0.700 0.570 -0.190 0.450 0.660 0.530 0.920 0.410 
-0.300 -0.420 -0.620 0.850 -0.840 -0.760 0.390 0.920 -0.170 0.720 
0.770 -0.280 -0.680 -0.620 -0.580 -0.940 -0.180 -0.090 0.860 -0.500 
0.180 -0.910 0.220 0.480 0.180 0.550 -0.550 -0.160 0.080 0.890 
0.780 0.790 -0.530 -0.840 0.640 -0.850 0.930 -0.450 -0.930 -0.240 
0.790 0.850 0.010 -0.890 0.750 -0.050 0.690 -0.900 0.860 0.560 
-0.880 -0.430 0.170 -0.140 0.570 -0.650 -0.590 -0.970 -0.280 0.490 
0.920 -0.500 -0.200 -0.600 -0.820 0.970 -0.450 -0.890 -0.960 -0.850 
-0.600 0.840 -1.000 -0.070 0.470 0.270 0.880 0.170 0.370 0.740 
-0.270 0.010 0.830 0.900 0.870 0.410 0.770 -0.720 -0.040 -0.990 
0.300 -0.120 -0.970 -0.900 -0.200 -0.780 0.590 0.360 0.850 0.640 
0.030 0.770 0.000 -0.450 -0.300 -0.530 0.820 -0.420 0.640 -0.280 
0.850 -0.630 0.730 0.680 0.790 0.610 -0.390 0.090 0.890 0.570 
0.100 0.190 -0.540 -0.340 -0.180 -0.220 -0.120 -0.590 0.660 -0.750 
0.570 -0.310 -0.970 -0.430 0.240 -0.750 0.050 0.070 -0.160 -0.310 
0.310 -0.310 -0.410 0.040 0.890 0.900 -0.350 -0.490 -0.490 -0.930 
-0.920 0.620 -0.220 -0.940 -0.720 0.600 -0.150 -0.320 0.540 -0.490 
-0.550 0.110 0.210 -1.000 0.690 -0.550 -0.740 -0.740 0.040 -0.380 
-0.050 -0.650 0.310 0.060 0.400 0.200 -0.510 0.570 0.230 0.000 
0.160 0.320 -0.860 0.950 -0.100 -0.580 0.070 0.750 -0.380 -0.870 
0.790 -0.400 -0.230 0.000 -0.400 -0.540 -0.030 -0.620 -0.760 0.540 
0.000 -0.290 0.890 -0.690 0.780 -0.190 0.040 0.790 0.910 -0.730 
-0.210 0.070 0.110 -0.060 -0.460 -0.980 -0.120 0.140 0.290 0.030 
-0.210 0.080 0.630 0.560 0.600 0.750 0.540 -0.900 -0.860 0.780 
0.640 0.140 -0.500 0.530 -0.020 0.800 0.870 0.540 0.590 0.780 
0.330 -0.620 -0.630 -0.550 -0.160 -0.560 0.990 0.730 0.580 0.280 
-0.720 -0.630 0.890 0.910 0.460 0.490 0.180 0.000 0.590 0.320 
-0.210 0.230 0.990 0.290 -0.710 -0.030 0.090 -0.840 -0.970 -0.800 
0.460 0.360 -0.420 0.830 0.330 -0.050 -0.730 0.320 -0.800 0.370 
-0.870 -0.520 0.270 -0.980 0.910 -0.270 0.030 0.090 0.250 -0.370 
-0.580 -0.960 0.380 0.930 -0.150 0.190 -0.580 0.460 -0.130 -0.550 
0.660 -0.670 0.810 0.770 0.690 0.150 -0.280 0.480 0.990 -0.080 
-0.620 -0.880 0.400 0.650 -0.860 0.310 0.900 -0.300 0.920 0.150 
0.330 0.860 -0.280 -0.770 0.790 0.570 -0.050 -0.790 0.040 0.820 
-0.820 -0.780 0.680 0.520 0.990 -0.110 -0.810 -0.290 0.890 -0.820 
0.150 -0.730 0.830 -0.450 0.440 0.490 0.380 0.340 -0.810 -0.170 
-0.980 0.040 -0.310 -0.260 0.280 -0.510 0.830 -0.770 -0.780 -0.610 
0.570 0.930 -0.380 0.250 0.450 -0.870 0.660 0.640 -0.630 0.560 
0.340 0.520 0.830 0.170 0.600 -0.200 -0.330 -0.500 0.660 -0.140 
0.330 0.680 0.910 -0.970 0.940 -0.290 -0.960 0.780 -0.540 0.780 
-0.830 0.550 0.710 -0.210 -0.670 -0.320 -0.070 0.990 0.840 -0.180 
0.550 0.190 -0.660 -0.090 0.880 0.940 0.710 -0.930 0.970 -0.110 
-0.060 0.300 -0.420 -0.630 -0.150 -0.960 -0.400 -0.110 0.820 -0.420 
-0.800 -1.000 -0.870 0.910 -0.690 -0.540 -0.880 -0.240 -0.540 0.960 
0.580 0.530 -0.330 0.450 -0.560 -0.440 -0.090 0.670 -0.370 -0.120 
-0.910 0.090 -0.810 -0.810 -0.020 -0.440 -0.770 0.580 -0.020 -0.940 
-0.840 0.180 0.580 0.820 -0.390 0.410 -0.720 -0.270 -0.820 -0.740 
-0.300 0.280 0.800 0.370 -0.270 0.760 0.450 0.650 -0.040 -0.910 
-0.470 0.050 -0.300 -0.760 0.240 0.690 -0.670 0.470 0.270 0.310 
0.050 -0.040 -0.510 -0.370 -0.220 0.100 0.570 -0.420 0.360 0.750 
-0.150 0.580 0.030 -0.350 -0.530 0.290 -0.590 0.930 -0.060 0.370 
0.540 -0.010 0.940 -0.760 -0.240 0.180 0.450 0.090 -0.820 -0.750 
0.920 0.230 0.210 -0.590 0.390 0.510 0.030 -0.040 -0.910 0.910 
-0.770 -0.060 0.490 -0.220 0.110 0.970 0.590 0.530 0.900 -0.470 
-0.580 -0.040 0.050 0.890 -0.280 0.330 0.070 -0.820 0.940 -0.230 
-0.570 0.860 0.530 0.160 0.790 -0.080 -0.330 -0.180 0.400 -0.720 
-0.260 0.150 0.230 0.750 0.450 -0.660 0.720 0.050 0.390 0.140 
0.100 0.340 -0.900 -0.850 0.230 -0.650 0.000 0.820 -0.470 -0.060 
-0.400 -0.040 -0.680 -0.870 -0.880 -0.890 -0.430 -0.690 -0.060 0.490 
-0.410 0.200 -0.840 0.340 -0.050 0.610 0.210 -0.800 -0.340 -0.880 
-0.140 0.770 0.460 -0.510 0.440 -0.790 -0.160 -0.550 0.560 0.370 
-0.090 -0.840 0.850 0.240 0.810 0.490 -0.130 0.900 0.800 0.810 
-0.090 0.910 -0.470 0.070 0.260 0.010 -0.320 -0.530 -0.270 -0.130 
-0.890 0.590 -0.360 0.100 -0.920 0.600 0.310 -0.560 0.570 -0.130 
0.330 -0.510 -0.450 0.180 0.250 0.880 -0.330 -0.880 0.780 0.990 
0.460 -0.310 0.910 0.510 0.280 -0.310 -0.960 0.970 -0.320 -0.230 
-0.160 -0.210 0.890 0.000 0.890 0.490 -0.400 -0.270 0.940 -0.820 
0.120 0.270 -0.810 0.200 -0.540 -0.040 0.080 -0.350 -0.400 -0.610 
-0.830 -0.940 -0.400 -0.920 0.100 0.890 -0.710 0.140 0.380 -0.030 
0.920 0.740 0.280 0.810 -0.260 0.180 0.300 -0.140 0.430 -0.240 
-0.440 -0.450 -0.960 -0.730 0.270 -0.980 -0.250 -0.640 -0.810 0.360 
-0.730 -0.640 -0.060 -0.130 -0.560 -0.960 -0.240 -0.270 0.190 0.660 
0.220 -0.370 0.400 -0.490 0.960 0.660 0.210 -0.220 -0.950 -0.360 
0.550 -0.390 -0.290 0.110 -0.590 0.990 0.130 0.160 0.870 0.320 
-0.960 -0.860 0.210 -0.010 0.010 0.650 -0.450 0.300 0.910 0.260 
-0.040 -0.350 0.890 -0.630 0.160 0.370 -0.970 0.890 -0.840 -0.920 
-0.950 0.230 -0.780 -0.230 0.860 -0.850 -0.720 -0.490 -0.170 -0.850 
0.830 -0.120 -0.710 -0.440 0.390 -0.180 -0.780 0.940 -0.880 0.650 
0.210 0.090 0.820 -0.380 0.460 -0.490 -1.000 0.010 -0.600 0.680 
-0.380 -0.540 -0.570 -0.640 -0.250 -0.710 -0.970 0.030 -0.200 -0.140 
0.180 -0.850 0.260 -0.010 -0.280 -0.350 0.810 -0.540 -0.400 0.940 
0.630 0.810 -0.450 0.450 -0.570 0.530 0.960 0.950 -0.460 0.890 
0.630 -0.320 -0.650 0.580 -0.440 0.100 0.870 -0.410 0.650 -0.330 
0.460 -0.170 -0.170 -0.280 0.340 0.070 0.380 0.150 0.530 0.500 
0.090 0.160 -0.170 0.640 -0.390 -0.220 -0.310 -0.900 -0.260 0.240 
0.990 0.890 0.440 -0.660 0.480 -0.990 -0.040 0.350 -0.400 -0.390 
0.550 0.580 -0.040 0.900 -0.690 -0.700 -0.030 0.210 -0.030 -0.500 
-0.770 0.590 0.180 0.060 -0.250 0.310 0.840 0.450 0.410 -0.900 
-0.310 0.400 -1.000 0.650 0.260 0.000 0.660 0.740 -0.650 -0.730 
0.870 0.420 0.370 -0.170 0.320 0.680 -0.350 -0.710 -0.590 0.630 
-0.690 -0.360 0.220 0.490 0.700 0.490 -0.190 0.070 -0.060 -0.780 
0.170 0.150 0.150 0.170 -0.190 0.930 -0.830 -0.530 0.680 -0.950 
-0.740 0.550 0.470 0.640 0.910 -0.680 -0.160 -0.440 -0.390 -0.220 
0.710 -0.550 0.420 -0.550 0.940 -0.350 0.950 -0.730 0.720 -0.110 
-0.980 -0.110 -0.950 0.170 0.590 -0.140 0.100 0.280 -0.150 -0.700 
-0.150 -0.360 0.860 0.850 0.800 0.770 -0.830 -0.360 0.850 -0.700 
0.420 0.090 -0.250 -0.630 0.540 -0.780 0.020 0.010 -0.510 -0.740 
0.910 -0.490 -0.330 0.480 0.200 -0.740 0.860 0.830 0.070 -0.290 
-0.870 0.920 -0.130 0.510 0.290 -0.330 -0.200 0.460 0.320 -0.340 
0.770 -0.740 0.270 -0.960 -0.370 -0.190 -0.740 0.170 0.350 -0.720 
0.430 -0.220 -0.690 -0.890 -0.740 0.040 0.890 -0.880 -0.130 -0.040 
-0.650 -0.480 -0.590 -0.250 -0.960 0.700 0.420 -0.160 0.170 -0.260 
0.020 -0.540 -0.470 -0.710 -0.500 0.160 -0.370 -0.710 0.860 0.980 
-0.430 0.290 -0.240 -0.120 0.400 -0.460 0.920 0.300 -0.820 -0.690 
0.780 -0.950 -0.160 -0.810 -0.200 -0.600 0.420 -0.770 -0.240 -0.410 
-0.510 0.310 -0.430 0.020 0.600 -0.410 0.710 0.750 -0.120 0.570 
0.730 0.450 -0.620 -0.990 0.860 0.310 -0.450 0.300 -0.870 -0.270 
0.620 0.910 -0.210 0.980 0.630 0.590 0.900 0.050 0.820 -0.340 
0.160 0.840 0.970 0.730 -0.140 0.100 0.840 -0.910 -0.150 -0.270 
0.180 -0.890 0.700 0.570 -0.880 0.080 -0.120 -0.320 -0.610 0.010 
-0.070 0.530 -0.560 0.240 0.510 0.590 -0.160 -0.070 -0.360 -0.820 
0.590 0.320 -0.980 0.090 -0.430 -0.590 -0.810 -0.580 -0.980 -0.440 
0.150 0.210 -0.330 -0.630 -0.700 -0.680 0.460 0.180 -0.480 0.850 
0.710 0.450 -0.100 0.670 -0.300 -0.590 0.270 0.060 -0.140 0.430 
-0.240 -0.550 -0.240 -0.210 0.060 -0.150 -0.280 -0.230 0.270 -0.260 
-0.140 0.940 0.470 0.530 -0.680 0.770 0.370 0.300 -0.530 0.890 
0.150 0.700 -0.130 -0.950 0.380 0.090 0.980 -0.830 -0.850 -0.160 
0.120 -0.090 -0.190 0.400 0.220 0.400 -0.740 0.460 -0.830 0.050 
-0.790 -0.450 0.000 0.680 -0.910 -0.160 -0.020 -0.020 -0.860 0.450 
-0.120 -0.190 0.160 0.270 -0.620 -0.940 -0.640 0.880 0.750 -0.970 
-0.760 -0.130 -0.540 -0.430 -0.720 0.690 0.970 -0.460 -0.330 0.670 
0.110 -0.120 -0.780 -0.890 -0.910 0.830 -0.530 0.070 -0.180 -0.870 
-0.960 0.220 -0.060 0.200 -0.990 -0.160 -0.220 -0.630 -0.280 -0.470 
0.920 -0.040 0.410 -0.620 0.540 0.210 0.590 0.510 0.270 -0.730 
-0.300 -0.620 -0.330 -0.070 -0.980 -0.720 -0.720 -0.510 0.350 0.100 
-0.850 -0.080 0.840 0.090 0.640 0.850 0.460 -0.570 0.740 -0.820 
-0.520 0.660 0.150 0.410 0.570 -0.790 -0.380 -0.320 0.240 0.410 
-0.050 0.950 0.800 0.150 -0.600 0.820 0.430 -0.320 0.830 -0.690 
0.310 0.980 0.230 -0.330 -0.400 -0.610 -0.470 -0.940 -0.180 -0.730 
-0.760 0.310 0.460 -0.090 -0.760 0.030 -0.360 -0.130 0.230 0.890 
-0.720 0.710 0.360 0.600 -0.140 0.760 0.420 0.810 0.960 -0.220 
0.640 -0.210 -0.240 -0.610 0.470 0.360 -0.210 0.520 -0.060 0.610 
0.310 0.190 -0.560 -0.230 0.620 -0.310 0.320 -0.730 0.080 -0.440 
0.680 -0.120 -0.730 0.040 -0.510 -0.350 -0.680 0.430 -0.540 0.800 
0.730 -0.890 -0.400 -0.500 -0.500 0.590 0.380 0.290 0.110 -0.670 
-0.570 0.940 0.040 -0.610 -0.760 -0.820 -0.400 0.560 0.970 0.680 
0.640 0.650 -0.910 0.430 -0.310 -0.420 0.600 0.010 0.530 0.590 
-0.660 0.270 0.220 -0.540 0.290 0.240 -0.950 -0.810 -0.460 -0.320 
-0.960 -0.510 -0.380 -0.400 -0.600 -0.140 -0.210 0.010 0.950 -0.240 
-0.310 0.110 -0.580 -0.700 -0.930 -0.370 -0.600 0.670 0.170 0.940 
-0.220 0.510 -0.270 -1.000 0.970 -0.980 0.250 -0.980 0.730 0.310 
-0.780 0.780 0.800 -0.640 -0.620 -0.800 0.230 0.170 0.210 -0.300 
0.460 0.430 0.330 0.400 0.250 0.400 -0.970 0.660 -0.400 0.200 
0.120 0.380 -0.770 0.850 0.390 -0.800 0.390 -0.840 0.740 0.120 
0.470 0.960 -0.100 0.270 0.850 -0.190 -0.010 -0.400 0.500 0.730 
0.300 -0.040 -0.320 -0.850 -0.640 0.930 0.560 0.920 0.110 0.680 
-0.360 -0.770 -0.420 -0.120 -0.920 0.490 0.080 -0.010 0.650 -0.650 
0.640 0.120 0.830 -0.460 0.910 0.680 -0.130 -0.570 -0.720 -0.620 
-0.840 0.100 0.340 -0.640 0.260 0.230 0.810 -0.660 0.150 -0.070 
-0.980 0.790 0.160 -0.400 -0.330 -0.230 0.620 0.280 0.760 0.270 
0.630 0.400 -0.600 -0.020 0.470 -0.690 -0.330 -0.660 -0.260 -0.050 
-0.760 -0.580 0.580 0.590 -0.700 -0.160 -0.660 -0.880 0.180 0.490 
-0.430 -0.280 -0.200 0.730 -0.160 0.000 -0.980 -0.540 0.800 0.310 
0.740 -0.050 -0.770 0.660 0.930 0.220 0.970 -0.400 0.570 -0.760 
0.080 0.810 -0.820 -0.340 -0.080 -0.510 0.020 0.260 -0.870 0.720 
-0.730 -0.300 -0.560 -0.400 0.950 0.280 0.600 0.500 0.270 0.400 
-0.190 -0.470 0.870 0.040 -0.810 0.800 -0.730 0.680 0.930 0.360 
0.440 -0.470 -0.310 0.630 -0.290 0.140 0.640 0.730 0.920 0.290 
0.450 -0.800 0.510 0.410 -0.200 -0.020 -0.790 0.920 -0.520 0.480 
-0.160 0.290 -0.990 -0.290 0.860 0.720 -0.970 0.650 0.410 0.960 
-0.470 -0.150 -0.510 -0.260 -1.000 -0.280 0.880 0.640 -0.550 0.810 
-0.070 0.420 0.530 0.960 -0.170 0.850 -0.050 -0.430 0.770 0.430 
-0.950 -0.390 -0.750 0.590 -0.160 0.630 0.310 -0.130 0.280 -0.760 
-0.640 0.330 0.100 -0.630 -0.930 0.100 0.100 0.960 -0.730 0.070 
0.290 -0.280 -0.980 -0.660 -0.310 -0.630 -0.810 0.640 -0.060 0.480 
0.070 -0.480 0.610 0.320 -0.890 -0.550 -0.050 -0.060 -0.160 0.750 
0.190 0.200 0.080 -0.710 0.580 -0.320 -0.090 -0.800 -0.360 0.180 
0.270 0.450 0.910 0.290 0.790 -0.880 0.670 0.500 0.760 -0.390 
-0.020 -0.170 -0.350 -0.410 0.680 -0.240 0.040 -0.850 0.230 0.400 
0.430 -0.580 -0.390 -0.970 -0.770 -0.810 -0.290 -0.340 -0.610 -0.130 
0.850 0.180 -0.680 0.280 -0.520 0.630 0.400 0.670 0.130 -0.320 
0.800 0.630 0.030 -0.540 -0.780 -0.290 -0.260 -0.220 -0.610 0.970 
-0.810 0.820 -0.610 -0.680 0.370 -0.860 -0.490 -0.910 -0.190 -0.580 
-0.040 -0.820 0.120 -0.190 -0.020 0.120 -0.560 0.900 -0.210 0.100 
-0.420 -0.880 -0.750 0.130 -0.900 -0.520 0.850 -0.160 -0.220 0.760 
-0.180 -0.510 0.100 -0.270 -0.190 -0.530 -0.600 -0.160 -0.440 -0.270 
-0.220 0.530 -0.090 0.910 0.860 0.410 0.030 0.820 0.310 0.350 
-0.560 0.410 0.470 -0.300 -0.460 0.570 -0.300 0.910 0.930 0.480 
0.190 -0.250 0.980 -0.710 0.010 -0.210 -0.230 -0.070 0.160 -0.150 
0.660 0.940 0.900 -0.430 0.850 0.760 0.500 -0.110 0.590 -0.670 
0.760 -0.970 0.260 0.230 -0.270 0.320 -0.680 0.430 0.240 -0.750 
-0.560 -0.570 -0.470 0.940 -0.750 0.060 -0.750 -0.460 0.990 0.410 
0.390 0.650 0.360 0.300 0.740 0.210 -0.420 0.240 0.620 0.690 
0.090 0.380 0.730 -0.650 -0.870 0.980 0.670 -0.550 -0.060 -0.570 
-0.770 -0.100 -0.130 -0.720 -0.160 -0.360 0.340 0.090 0.180 -0.150 
-0.490 -0.430 -0.980 0.870 0.390 0.760 -0.400 0.980 -0.480 -0.770 
0.190 0.610 0.610 -0.080 0.480 0.750 -0.570 0.150 0.720 -0.110 
0.590 0.470 0.790 0.980 0.750 -0.850 -0.380 -0.390 0.240 0.320 
0.460 0.270 0.890 0.480 -0.340 -0.190 -0.240 0.270 -0.690 -0.200 
0.500 0.500 0.930 -0.370 0.950 0.410 0.900 0.900 -0.910 0.150 
-0.210 0.680 -0.380 -0.900 0.180 0.900 -0.750 0.800 -0.490 0.010 
0.120 0.980 0.810 -0.470 -0.020 -0.530 -0.140 0.270 0.740 0.170 
-0.930 -0.240 -0.800 -0.990 -0.080 -0.850 -0.060 -0.180 -0.950 0.030 
0.490 -0.640 -0.770 -0.880 0.980 0.410 -0.980 0.750 -0.270 -0.950 
-0.720 0.370 -0.970 -0.910 0.910 -0.460 -0.430 -0.230 0.810 0.830 
0.470 0.400 -0.400 0.670 -0.070 0.520 0.340 0.400 0.860 -0.090 
-0.570 0.360 0.270 -0.330 0.000 0.250 0.600 -0.460 -0.480 -0.660 
-0.410 -0.200 0.710 -0.850 -0.100 0.140 -0.790 -0.010 0.440 0.540 
-0.180 -0.090 -0.060 0.420 -0.900 0.400 -0.540 0.440 -0.200 0.850 
-0.650 -0.250 -0.270 0.140 0.420 0.730 0.910 -0.450 -0.730 -0.570 
-0.110 -0.620 0.230 -0.400 -0.470 0.650 0.270 -0.740 -0.360 -0.290 
0.800 0.470 0.620 -0.250 -0.590 0.720 0.670 -0.600 -0.320 -0.530 
-0.750 0.030 0.220 -0.020 0.690 -0.830 -0.770 0.600 -0.280 -0.980 
0.550 0.130 -0.600 -0.220 0.250 -0.540 0.960 -0.480 -0.280 -0.400 
0.230 -0.470 -0.930 -0.630 -0.200 -0.990 0.610 -0.530 -0.590 -0.710 
-0.540 -0.340 -0.160 0.200 0.160 -0.470 -0.110 0.390 0.650 0.130 
0.410 0.200 -0.740 0.810 0.510 0.040 0.790 0.470 0.560 -0.480 
-0.930 -0.680 -0.430 0.670 -0.310 -0.110 0.680 -0.690 0.360 -0.910 
-0.400 0.340 -0.730 -0.030 -0.460 0.430 0.500 0.440 -0.180 -0.320 
-0.430 -0.770 0.880 -0.640 0.560 -0.090 0.400 0.360 -0.620 -0.040 
0.400 0.980 0.280 0.970 0.650 0.500 -0.620 0.330 0.810 0.260 
-0.060 0.930 -0.400 0.210 -0.100 -0.340 -0.360 0.930 -0.900 -0.020 
-0.390 -0.800 0.210 -0.990 -0.920 -0.710 -0.070 0.480 0.650 0.310 
0.960 -0.430 0.290 -0.230 -0.940 -0.540 -0.730 -0.560 0.310 0.600 
0.700 -0.750 0.530 -0.700 -0.020 -0.560 -0.510 0.140 0.890 -0.890 
-0.880 -0.500 -0.690 -0.150 -0.970 -0.610 0.150 -0.040 0.390 -0.680 
0.800 0.360 -0.580 -0.390 -0.870 -0.520 0.080 0.920 -0.070 0.910 
0.520 -0.850 -0.830 0.050 0.980 -0.330 0.010 -0.530 0.340 -0.100 
-0.420 0.460 -0.080 -0.580 0.840 -0.040 -0.670 -0.490 0.440 0.730 
-0.650 0.240 0.090 -0.230 0.860 -0.260 0.260 -0.540 -0.340 0.710 
0.890 -0.820 0.860 0.580 0.230 0.360 -0.740 0.770 0.830 0.600 
-0.330 0.940 -0.420 0.120 -0.640 -0.580 -0.920 -0.310 -0.550 0.520 
-0.580 -0.190 -0.710 0.030 0.580 0.670 0.770 -0.640 0.650 0.950 
-0.930 0.540 -0.870 0.460 0.130 -0.110 -0.180 0.390 -0.340 -0.820 
-0.490 -0.150 -0.880 0.090 0.490 -1.000 0.040 0.570 -0.310 0.490 
-0.380 -0.360 -0.700 -0.090 0.190 0.410 -0.900 -0.510 0.770 0.750 
-0.560 0.370 0.290 -0.900 -0.650 -0.580 -0.010 -0.310 0.330 0.170 
-0.130 0.840 0.540 -0.490 -0.540 0.040 -0.490 0.500 -0.870 -0.270 
-0.490 -0.250 0.370 -0.660 0.180 -0.440 0.750 0.280 0.050 0.040 
0.030 0.020 -0.590 0.850 0.120 -0.240 -0.730 -0.890 -0.020 0.130 
-0.200 0.850 -0.030 0.860 0.890 -0.050 -0.100 -0.600 -0.550 -0.440 
0.130 -0.030 -0.170 -0.980 0.310 -0.980 -0.410 -0.420 -0.180 0.160 
0.620 0.380 -0.820 -0.960 0.230 0.300 -0.680 0.020 -0.070 -0.180 
-0.850 0.250 -0.320 -0.350 -0.360 -0.430 0.600 0.060 -0.510 -0.940 
0.620 0.150 -0.450 -0.540 0.170 0.380 -1.000 0.760 0.960 -0.180 
-0.550 0.100 -0.800 -0.850 -0.340 0.430 -0.020 -0.490 -0.540 0.430 
0.330 -0.390 -0.790 -0.990 -0.220 -0.150 -0.900 -0.610 0.910 -0.880 
0.970 0.540 0.270 -0.480 -1.000 -0.560 0.420 -1.000 0.730 -0.100 
-0.660 0.700 -1.000 -0.450 0.850 -0.330 0.500 -0.170 0.180 0.960 
0.790 -0.490 -0.900 -1.000 -0.950 -0.120 -0.150 0.670 -0.210 -0.240 
0.790 -0.240 0.820 -0.420 0.280 0.340 0.030 -0.780 -0.140 -0.720 
0.120 0.210 0.980 0.130 0.760 0.350 0.800 -0.220 0.710 -0.020 
-0.250 0.500 0.010 -0.630 0.500 0.060 -0.230 0.870 -0.740 0.570 
-0.850 -0.950 -0.670 0.980 -0.840 0.140 0.320 0.190 0.360 -0.810 
-0.010 -0.510 -0.080 -0.510 0.620 -0.800 0.840 -0.060 -0.020 0.550 
0.440 0.250 -0.430 -0.550 0.620 -0.930 0.040 0.920 0.460 0.300 
0.490 0.620 -0.130 0.340 0.600 0.030 -0.520 -0.560 0.740 0.370 
-0.850 -0.270 0.380 0.070 0.220 -0.480 0.270 -0.410 0.460 -0.740 
-0.860 -0.580 0.510 -0.760 -0.130 -0.340 0.830 0.430 -0.420 0.300 
-0.270 0.590 -0.080 0.130 -0.070 -0.960 -0.840 -0.060 -0.520 0.910 
-0.690 -0.840 -0.840 0.690 0.230 -0.090 0.730 -0.970 0.500 0.190 
0.810 0.160 0.130 -0.160 0.400 -1.000 0.500 0.240 -0.040 0.600 
-0.460 0.210 0.190 -0.020 -0.660 0.650 0.020 -0.490 -0.410 0.020 
0.940 -0.580 0.180 -0.900 0.630 0.940 -0.470 0.360 0.970 -0.970 
-0.930 0.780 0.200 0.200 -0.380 -0.880 -0.280 0.650 0.360 0.680 
0.250 0.420 -0.580 0.970 -0.600 -0.240 0.620 -0.060 -0.210 0.730 
0.970 -0.750 0.670 -0.330 0.880 0.300 -0.390 -0.590 -0.820 -0.900 
-0.550 -0.750 0.400 0.170 -0.030 -0.970 0.290 0.690 0.200 -0.340 
-0.100 0.970 -0.920 0.320 0.460 -0.990 0.600 -0.400 -0.050 -0.600 
-0.670 -0.560 -0.830 -1.000 0.120 -0.950 -0.180 0.250 -0.530 0.000 
0.360 -0.560 -0.230 -0.240 0.610 0.740 -0.690 -0.100 0.440 0.030 
0.080 0.860 0.010 -0.310 0.180 0.990 -0.300 -0.220 -0.400 0.650 
-0.300 -0.550 -0.900 -0.120 -0.540 0.220 -0.550 -0.200 0.990 -0.080 
0.810 -0.130 -0.120 -0.900 0.160 -0.510 0.850 0.470 -0.080 -0.190 
-0.970 0.520 -0.330 -0.440 -0.790 0.370 -0.450 -0.090 -0.850 0.150 
-0.430 -0.620 0.610 -0.330 -0.220 0.590 0.410 0.230 -0.610 -0.080 
0.680 0.720 0.800 -0.440 0.350 -0.040 -0.420 0.200 0.950 0.020 
-0.990 0.980 -0.460 -0.800 -0.460 -0.240 0.570 -0.380 0.670 0.720 
0.770 0.760 0.620 -0.100 0.950 -0.600 -0.990 -0.120 0.160 0.930 
0.810 -0.160 0.650 0.610 -0.080 0.000 -0.430 0.020 0.720 -0.960 
-0.960 0.250 -0.970 -0.410 0.450 -0.910 -0.130 0.020 -0.290 -0.460 
-0.730 -0.990 0.830 0.410 -0.570 0.780 0.820 -0.550 -0.330 -0.500 
-0.620 -0.520 0.340 0.550 0.610 0.780 -0.920 0.700 -0.190 0.800 
0.740 -0.630 0.060 0.290 -0.040 -0.970 0.390 0.350 -0.420 0.620 
0.900 -0.150 0.150 0.250 -0.740 0.590 0.030 0.600 -0.960 0.220 
-0.900 -0.580 0.700 -0.040 0.970 -0.170 -0.730 -0.950 -0.470 0.080 
0.380 -0.720 0.450 0.960 0.090 0.940 0.990 -0.520 0.290 -0.430 
0.630 -0.290 -0.060 -0.220 0.960 -0.270 0.890 -0.480 -0.670 0.930 
0.740 0.960 0.870 -0.030 -0.560 0.370 0.800 -0.290 -0.060 -0.660 
0.790 -0.680 -0.860 -0.230 -0.720 0.230 -0.770 0.800 0.240 0.040 
0.890 -0.130 0.760 -0.160 0.170 0.240 0.570 0.070 0.760 0.420 
-0.480 0.030 -0.100 -0.600 -1.000 0.350 0.770 0.800 -0.940 -0.290 
0.660 0.380 -0.440 0.800 0.670 -0.640 -0.440 0.900 0.680 0.800 
-0.060 0.580 -0.810 -0.780 0.940 -0.120 0.470 0.030 0.950 -0.250 
0.970 -1.000 0.780 -0.120 0.920 0.300 -0.770 0.690 -0.370 0.810 
0.920 -0.710 0.190 -1.000 -0.900 -0.140 0.890 -0.340 -0.720 0.570 
0.980 0.230 0.150 -0.830 -0.030 -0.390 0.050 0.960 0.640 -0.470 
-0.280 0.620 -0.950 -0.980 -0.500 0.970 -0.150 -0.750 0.180 0.480 
-0.940 -0.380 0.770 -0.220 -0.370 0.390 0.160 -0.480 0.570 0.450 
0.610 0.550 -0.800 -0.230 0.240 0.170 -0.100 0.820 0.140 -0.450 
0.870 0.380 -0.830 0.920 -0.080 -0.810 0.410 0.770 0.960 -0.410 
0.250 -0.980 -0.270 -0.450 -0.680 0.360 0.940 0.490 0.400 0.040 
-0.060 0.020 -0.410 0.140 0.310 0.360 0.830 -0.790 -0.300 -0.030 
-0.720 -0.430 0.870 0.970 -0.990 -0.200 0.680 -0.060 -0.430 0.640 
0.530 0.350 0.190 -0.740 0.900 0.510 0.150 0.360 -0.480 -0.930 
-0.600 0.460 -0.390 -0.480 -0.880 0.440 0.880 0.960 0.180 -0.900 
-0.550 0.460 -0.810 -0.670 -0.040 -0.800 -0.350 -0.360 -0.340 0.220 
-0.710 -0.810 -0.910 0.480 0.970 0.510 -0.490 -0.360 -0.120 0.040 
-0.280 0.280 -0.980 -0.150 0.320 -0.850 -0.700 -0.280 0.630 0.480 
-0.180 0.600 -0.540 0.010 0.450 0.420 -0.270 -0.900 -0.930 0.390 
-0.150 -0.640 0.100 -0.060 0.360 -0.400 -0.540 0.390 0.240 -0.140 
-0.570 0.480 0.660 0.980 -0.660 -0.010 -0.870 -0.840 0.710 0.280 
0.640 -0.940 -0.120 -0.900 0.070 -0.660 0.050 0.330 -0.560 0.120 
-0.280 -0.190 0.000 0.350 0.760 0.880 0.950 0.740 0.270 -0.290 
-0.400 0.230 -0.800 -0.740 -0.270 -0.940 0.250 -0.140 -0.780 -0.510 
0.660 0.380 -0.450 -0.940 0.000 0.140 0.920 -0.950 -0.530 0.890 
-0.310 -0.280 -0.300 0.210 -0.930 -0.540 0.090 0.540 -0.800 0.890 
-0.750 -0.680 -0.360 0.970 -0.410 0.370 0.550 0.840 0.750 0.290 
-0.670 -0.070 -0.330 -0.600 -0.010 0.200 0.550 -0.080 0.250 -0.980 
-0.670 0.470 -0.740 0.030 -0.320 -0.670 0.020 0.300 0.390 -0.260 
0.190 0.170 0.070 0.350 0.140 0.660 -0.280 -0.780 0.020 0.990 
0.510 -0.120 -0.080 0.710 0.280 0.910 -0.090 -0.650 -0.650 0.680 
-0.620 -0.320 0.150 -0.360 0.720 0.360 -0.500 -0.740 -0.340 0.410 
0.000 0.370 -0.420 -0.930 -0.280 0.250 0.250 0.440 0.470 -0.720 
0.430 -0.500 0.160 -0.650 -0.790 0.960 0.780 0.120 -0.680 -0.860 
-0.190 -0.780 -0.660 0.480 -0.620 0.580 -0.160 -0.600 0.840 0.020 
0.820 -0.150 -0.610 0.920 -0.560 0.110 0.170 0.700 -0.930 -0.840 
0.980 0.020 -0.330 -0.340 -0.110 -0.600 -0.860 -0.320 0.530 -0.540 
-0.660 0.860 -0.800 -0.320 -0.140 -0.410 -0.730 0.230 -0.490 0.630 
-0.750 -0.670 -0.520 -0.350 -0.740 -0.070 0.760 -0.050 -0.370 0.840 
-0.360 -0.870 -0.620 0.310 -0.210 0.280 0.710 -0.550 0.960 -0.240 
-0.560 -0.700 -0.860 -0.360 -0.500 -0.470 -0.250 -0.710 0.760 0.270 
0.930 0.530 0.120 0.930 -0.820 -0.100 -0.140 0.470 0.860 0.010 
-0.170 -0.500 0.140 0.210 0.330 0.450 -0.510 -0.440 0.430 -0.550 
-0.150 0.870 -0.730 -0.490 -0.490 -0.700 0.040 -0.210 -0.890 -0.680 
0.580 -0.960 0.860 -0.300 0.500 -0.960 0.610 -0.640 0.030 -0.010 
-0.100 0.860 0.010 0.560 0.080 0.860 -0.460 0.090 0.940 0.970 
0.070 -0.210 0.840 -0.140 -0.170 0.870 0.160 0.390 -0.820 0.280 
0.720 0.760 -0.160 0.580 -0.530 -0.660 0.140 0.600 -0.770 0.700 
-0.890 -0.350 0.560 -0.360 -0.790 -0.840 -0.980 -0.730 0.260 0.960 
0.760 0.850 -0.720 0.120 -0.290 0.110 0.000 0.400 -0.980 -0.300 
-0.800 0.740 -0.530 0.040 -0.160 -0.540 -0.090 0.510 -0.940 -0.340 
0.210 0.690 0.310 -0.710 -0.670 0.040 -0.540 -0.650 0.320 0.240 
0.830 0.080 0.090 -0.890 -0.790 0.320 -0.260 -0.270 -0.280 -0.230 
0.430 -0.080 -0.970 0.420 0.970 -0.120 0.880 -0.600 0.910 0.940 
0.060 0.120 0.150 0.890 0.410 0.480 -0.070 0.390 0.350 0.770 
-0.850 0.190 -0.140 -0.240 -0.180 -0.410 -0.910 0.570 -0.160 -0.190 
0.860 -0.730 0.260 0.890 0.220 -0.250 -0.230 0.100 0.150 -0.320 
-0.430 0.730 0.320 0.720 0.620 -0.740 -0.270 -0.930 0.170 -0.920 
0.850 0.330 -0.210 -0.770 0.610 0.140 -0.180 0.700 -0.290 0.660 
-0.960 -0.910 0.450 0.300 0.980 -0.330 -0.950 -0.720 0.780 -0.280 
-0.520 0.870 -0.550 0.810 0.590 0.590 0.590 0.840 0.660 -0.240 
0.450 0.510 -0.910 -0.760 0.740 0.710 0.380 -0.440 -0.070 0.610 
0.740 -0.510 0.700 -0.280 0.790 0.210 -0.090 0.360 0.490 -0.790 
-0.920 0.970 -0.920 -0.950 0.300 0.680 0.640 -0.110 0.520 0.310 
0.660 -0.030 -0.180 0.270 -0.260 -0.910 -0.500 0.640 -0.830 -0.040 
-0.220 0.920 0.450 -1.000 -0.840 0.250 0.210 0.070 -0.870 -0.780 
0.290 0.740 -0.800 0.370 0.790 0.020 -0.430 -0.040 0.920 0.620 
-0.730 0.580 -0.410 -0.390 -0.630 -0.150 -0.300 -0.120 -0.980 -0.600 
0.840 -0.200 -0.680 0.290 -0.200 -1.000 -0.940 0.540 0.070 0.720 
0.760 -0.640 0.460 0.480 0.740 -0.230 -0.490 -0.690 0.730 0.950 
0.930 -1.000 0.050 -0.950 -0.860 0.420 -0.580 -0.640 0.820 -0.560 
-0.240 0.180 0.240 -0.400 -1.000 0.570 -0.400 -0.940 0.110 0.680 
0.300 -0.610 0.560 -0.240 0.880 0.300 0.540 0.910 0.140 0.270 
0.380 -0.410 -0.200 -0.570 -0.840 -0.540 0.850 -0.410 -0.180 0.200 
0.030 0.110 -0.620 0.800 0.710 -0.620 -0.110 0.840 0.970 -1.000 
0.040 0.270 0.910 -0.400 -0.960 0.310 0.910 0.100 -0.260 -0.430 
0.890 -0.880 0.160 -0.310 -0.450 -0.150 0.150 0.930 0.440 0.500 
0.130 0.990 -0.390 0.030 0.310 -0.680 0.420 -0.800 0.680 -0.090 
0.720 -0.280 -0.820 0.160 0.330 0.740 -0.530 -0.240 -0.640 0.220 
0.330 -0.740 0.340 -0.990 -0.050 0.420 -0.140 0.630 -0.130 0.820 
0.130 -1.000 0.340 0.740 -0.450 -0.830 0.580 0.490 -0.620 0.270 
-0.600 0.620 0.510 -0.410 -0.220 -0.160 0.850 -0.220 0.600 -0.780 
-1.000 -0.550 -0.520 -0.140 -0.530 -0.050 0.800 -0.150 -0.420 -0.330 
-0.800 0.230 -0.810 0.060 -0.030 -0.250 0.230 -0.920 -0.760 0.130 
-0.130 -0.350 -0.240 -0.620 -0.240 0.060 0.230 -0.870 0.840 -0.650 
-0.650 0.360 -0.190 -0.650 0.750 -0.200 0.310 0.550 0.170 0.410 
-0.770 0.370 -0.350 0.940 0.950 0.620 -0.310 0.190 0.220 -0.540 
-0.680 -0.910 -0.370 -0.400 -0.520 0.390 0.670 0.230 0.520 0.030 
0.580 0.400 -0.600 -0.610 0.750 0.670 0.190 0.060 0.220 -0.630 
-0.520 -0.030 0.260 -0.350 -0.560 0.220 -0.730 0.130 0.930 0.020 
0.110 -0.750 0.110 0.740 -0.620 0.110 0.130 0.570 -0.660 -0.820 
-0.880 0.930 0.100 -0.960 0.840 -0.150 0.710 -0.440 0.440 -0.540 
-0.070 0.440 0.430 0.710 -0.910 0.390 -0.550 0.880 -0.470 -0.620 
-0.100 0.640 -0.840 0.540 -0.090 -0.460 -0.350 -0.960 0.630 0.000 
0.740 0.750 -0.550 -0.160 0.800 -0.710 0.220 0.510 -0.150 -0.340 
0.970 0.300 0.620 -0.070 -0.460 0.710 -0.680 -0.010 0.110 -0.630 
0.380 -0.980 0.540 0.060 0.080 -0.550 0.120 0.730 -0.990 -0.250 
-0.750 0.280 -0.980 -0.300 0.640 0.820 0.000 -0.140 -0.140 0.370 
0.040 -0.650 -0.320 -0.340 -0.200 0.220 0.890 -0.350 0.730 0.010 
-0.460 -0.370 -0.450 -0.920 0.690 0.630 -0.950 -0.190 -0.120 0.590 
0.080 0.140 -0.610 -0.370 0.840 -0.970 -0.550 -0.640 -0.100 -0.170 
0.740 0.460 -0.290 0.940 -0.870 0.510 -0.320 0.540 0.680 0.930 
-0.450 -0.770 -0.430 -0.380 0.830 0.780 0.770 0.410 -0.880 -0.340 
0.000 0.200 0.800 0.390 0.830 0.160 -0.060 0.810 0.050 0.840 
-0.840 -0.210 0.310 -0.130 -0.750 -0.040 0.910 -0.550 -0.500 0.590 
-0.620 -0.420 0.820 -0.050 -0.280 0.660 -0.260 -0.500 0.070 -0.140 
-0.320 0.590 0.580 -1.000 -0.500 -0.060 0.160 0.440 -0.730 0.730 
-0.190 -0.570 -0.480 0.640 0.310 -0.710 -0.880 0.220 -0.260 -0.380 
-0.190 0.130 -0.280 -0.840 -0.920 0.450 0.340 -0.660 0.470 0.930 
-0.280 -0.850 0.520 -0.690 -0.850 0.540 -0.230 -0.170 -0.020 0.040 
-0.430 0.310 0.470 -0.390 -0.050 -0.700 -0.090 -0.410 0.040 0.170 
0.220 0.380 -0.700 0.460 0.540 0.910 -0.570 -0.600 0.770 0.900 
-0.670 -0.500 -0.950 0.370 -0.670 0.720 -0.090 0.100 -0.920 0.410 
0.660 -0.830 -0.750 -0.350 -0.700 -0.280 -0.040 -0.270 0.320 -1.000 
0.910 -0.940 -0.100 0.730 0.520 0.960 0.640 0.960 -0.640 -0.060 
0.860 -0.310 0.440 0.440 -0.940 0.290 -0.320 -0.510 -0.610 -0.720 
0.430 -0.950 -0.550 0.680 -0.300 -0.720 0.920 0.180 0.010 0.240 
-0.290 -0.080 0.300 0.610 -0.820 -0.170 0.580 0.340 -0.690 0.940 
-0.720 -0.830 -0.840 0.720 0.130 0.740 -0.470 0.340 0.760 -0.080 
0.620 -0.290 -0.510 0.600 0.910 -0.280 0.880 0.830 0.420 -0.110 
0.080 -0.870 0.340 -0.620 0.270 0.040 -0.270 -0.630 -0.620 0.040 
0.830 -0.330 -0.260 0.510 0.910 0.390 0.260 -0.550 -0.270 -0.460 
-0.110 -0.640 0.250 -0.090 0.960 0.160 0.630 0.360 -0.010 -0.430 
0.770 -0.930 -0.770 0.110 0.980 0.500 -0.850 -0.290 0.390 -0.940 
0.280 0.220 -0.270 0.540 -0.740 -0.840 -0.070 0.520 -0.390 0.670 
-0.940 0.030 -0.970 0.310 0.940 0.510 -0.530 0.090 -0.610 -0.020 
0.660 -0.840 0.060 0.890 -0.200 -0.440 -0.090 -0.530 -0.210 0.820 
-0.470 -0.930 -0.430 -0.220 0.610 -0.170 -0.050 -0.450 0.870 0.080 
0.740 0.930 -0.890 0.290 -0.240 -0.950 -0.200 -0.250 -0.340 -0.290 
0.730 -0.670 -0.130 -0.690 0.740 0.190 -0.130 -0.820 0.670 0.670 
0.520 0.720 0.740 -0.910 -0.490 -0.120 -0.080 -0.020 -0.050 -0.210 
-0.940 -0.310 -0.760 -0.820 0.980 -0.480 0.750 -0.700 0.270 -0.580 
0.010 0.010 -0.730 0.400 -0.160 0.530 -0.400 0.720 0.230 0.790 
0.390 -0.240 0.510 -0.350 -0.150 0.540 0.050 0.300 -0.480 -1.000 
0.610 -0.410 -0.310 0.380 -0.710 -0.330 0.900 0.560 -0.510 0.180 
0.500 0.500 0.710 0.770 -0.090 -0.450 -0.170 0.030 0.790 -0.940 
-0.180 -0.300 -0.180 -0.670 -0.120 0.200 0.880 0.930 -0.980 0.920 
0.460 0.630 -0.490 0.670 0.010 -0.680 -0.650 -0.560 0.890 -0.640 
0.620 0.390 0.870 -0.150 -0.310 -0.700 -0.080 0.520 0.330 -0.280 
0.100 -0.850 -0.060 0.450 -1.000 0.820 -0.830 0.400 0.280 -0.810 
0.330 -0.260 0.340 0.360 -0.590 0.880 0.690 -0.720 -0.680 0.100 
-0.350 0.460 -0.990 -0.960 -0.690 -0.300 -0.660 -0.250 0.740 0.190 
0.470 -0.150 0.340 0.940 0.820 -0.140 0.760 0.990 -0.730 0.040 
-0.820 0.120 0.300 0.040 -1.000 0.720 -0.080 0.690 0.520 -0.240 
-0.690 -0.830 -0.780 -0.670 -0.790 -0.950 -0.450 -0.930 -0.190 -0.700 
0.260 0.800 -0.330 -0.880 0.740 -0.510 -0.010 0.510 -1.000 -0.220 
-0.930 -0.820 0.420 0.380 -0.260 0.420 -0.380 0.670 -0.360 -0.860 
-0.570 -0.050 0.840 -0.340 -0.200 0.570 -0.770 0.360 0.650 0.040 
0.180 -0.570 -0.150 0.850 -0.440 -0.890 0.860 0.070 0.140 0.860 
0.370 0.220 0.560 -0.210 -0.880 -0.700 -0.790 -0.260 0.490 -0.630 
-0.600 0.930 -0.150 -0.760 -0.890 0.650 0.820 0.860 -0.470 -0.010 
-0.090 0.710 0.420 0.280 0.080 0.980 0.390 -0.540 -0.430 -0.460 
0.840 0.940 0.280 -0.080 -0.270 0.400 0.230 -0.530 0.660 -0.760 
-0.640 -0.940 -0.830 0.210 -0.690 0.800 -0.610 0.650 0.670 -0.080 
-0.360 -0.900 -0.840 -0.940 -0.100 -0.240 0.570 -0.710 -0.250 0.660 
-0.650 -0.410 0.610 0.150 0.520 0.860 -0.450 -0.730 0.850 0.730 
-0.490 -0.780 0.800 -0.790 0.430 0.630 0.530 0.340 0.280 -0.280 
0.790 0.920 -0.660 0.950 0.500 0.240 -0.770 -0.410 0.060 -0.020 
-0.740 0.410 0.100 0.870 -0.430 -0.860 0.250 -0.360 -0.590 0.110 
-0.620 -0.560 0.330 -0.820 -0.350 -0.720 0.330 0.710 0.630 -0.390 
-0.570 -0.060 -0.950 -0.220 -0.110 0.070 -0.980 -0.360 0.670 -0.400 
0.150 0.450 -0.980 0.770 -0.160 -0.890 0.910 -0.910 -0.250 0.840 
-0.280 -0.350 -0.720 -0.950 -0.650 -0.540 0.860 0.680 -0.830 0.010 
-0.710 -0.880 0.950 0.860 -0.580 -0.640 -0.060 0.970 -0.480 -0.870 
-0.430 0.670 0.580 -0.410 0.440 -0.580 -0.780 0.350 -0.970 -0.020 
-0.290 -0.240 0.150 0.000 -0.670 0.510 0.460 -0.810 0.190 0.150 
-0.280 0.010 -0.210 -0.330 -0.130 0.220 -0.450 0.330 0.190 0.080 
0.460 0.760 -0.250 0.040 0.880 0.720 -0.020 -0.900 -0.410 -0.460 
-0.400 0.310 0.300 0.760 -0.690 0.630 0.270 0.290 0.350 0.980 
0.960 -0.930 -0.010 -0.250 -0.730 0.870 0.970 -0.180 0.200 -0.320 
0.900 -0.330 0.970 -0.820 0.230 0.850 0.900 0.740 0.470 -0.510 
-0.720 0.600 0.320 0.100 -0.120 0.150 -0.750 -0.850 0.960 0.600 
0.650 0.920 0.200 -0.350 -0.800 0.470 -0.480 -0.830 0.810 0.240 
-0.620 0.240 0.430 -0.650 0.420 -0.810 -0.800 -0.160 0.930 0.190 
-0.150 0.730 -0.210 -0.820 -0.170 0.670 0.330 0.080 0.340 0.300 
-0.790 0.000 0.220 0.410 0.650 -0.060 -0.600 0.690 -0.360 0.730 
-0.070 0.020 -0.030 0.890 0.370 0.910 -0.920 0.090 -0.250 -0.990 
0.800 0.610 0.260 -0.400 0.790 -0.910 0.790 -0.360 -0.310 0.140 
0.940 -0.100 0.660 -0.310 0.830 -0.170 0.630 0.750 -0.480 -0.730 
0.490 -0.030 -0.190 0.980 -0.140 -0.820 0.900 -0.060 -0.210 -0.350 
-0.530 -0.400 0.780 0.730 0.200 0.570 0.820 -0.490 -0.780 -0.960 
0.650 0.680 -0.060 -0.170 -0.630 -0.700 0.660 0.530 -0.950 0.700 
0.320 0.060 -0.320 -0.860 0.050 0.060 0.840 -0.050 -0.990 -0.360 
0.120 -1.000 0.240 -0.090 0.740 0.960 -1.000 0.080 -0.530 0.740 
0.120 0.650 0.430 0.590 -0.520 0.320 0.410 0.670 -0.630 -0.020 
0.370 0.700 -0.950 0.570 0.840 0.100 -0.360 0.680 0.570 -0.830 
0.840 -0.310 -0.830 0.080 0.120 0.430 -0.440 0.130 -0.480 -0.440 
-0.130 0.160 -0.790 -0.700 -0.730 -0.790 0.150 0.200 0.880 0.520 
-0.810 -0.220 0.220 -0.760 -0.650 -0.420 -0.140 -0.010 -0.730 -0.570 
0.160 -0.890 -0.360 -0.140 -0.280 0.770 -0.710 0.280 -0.100 -0.670 
0.360 0.770 0.020 0.570 0.600 -0.190 0.310 -0.250 -0.980 -0.290 
-0.730 -0.790 0.490 0.500 0.970 0.850 0.600 -0.170 -0.640 0.870 
0.260 0.050 0.510 0.900 0.910 0.750 0.190 -0.800 -0.450 -0.910 
-0.940 0.920 0.390 0.080 0.010 -0.010 0.890 -0.680 0.740 0.910 
-0.440 0.530 0.640 -0.950 -0.450 0.610 0.420 -0.840 -0.560 0.310 
0.550 0.220 -0.640 0.060 -0.350 -0.730 -0.670 0.840 0.990 -0.110 
0.460 0.570 -0.190 -0.150 -0.350 0.820 0.840 -0.930 0.670 0.100 
0.980 -0.770 -0.850 0.150 0.800 -0.290 -0.240 -0.250 -0.610 -0.270 
-0.940 0.940 0.950 -0.580 -0.470 -0.880 -0.790 -0.140 0.490 0.720 
0.270 -0.050 0.300 -0.920 0.800 0.470 0.430 0.160 0.540 0.100 
0.780 0.050 -0.150 0.930 -0.800 -0.350 -0.840 -0.520 -0.080 -0.930 
0.210 -0.020 0.540 -0.310 -0.080 -0.930 -0.190 -0.350 -0.550 -0.700 
-0.620 0.730 0.250 0.200 0.810 -0.430 -0.810 -0.240 0.730 0.740 
0.380 0.030 -0.690 -0.770 -0.510 -0.970 -0.590 -0.830 -0.490 0.330 
-0.750 0.730 -0.680 0.790 -0.580 -0.240 0.380 0.230 0.420 0.830 
0.060 0.320 0.080 -0.690 -0.960 -0.580 -0.590 -0.770 0.180 -0.860 
0.490 -0.430 -0.300 0.320 -0.200 0.190 0.350 -0.270 -0.120 0.870 
-0.930 -0.350 0.600 0.910 -0.560 0.540 -0.330 0.340 -0.230 0.610 
0.180 0.350 -0.550 -0.740 0.670 -0.510 -0.800 -0.920 -0.750 0.390 
0.740 0.740 0.960 0.960 -0.410 -0.720 -0.330 0.940 -0.460 0.560 
0.810 -0.390 -0.790 -0.070 -0.960 -0.820 -0.530 -0.770 0.520 -0.230 
0.850 -0.780 -0.880 -0.700 -0.990 0.790 -0.680 -0.790 0.390 -0.430 
0.600 -0.340 0.830 0.080 -0.380 -0.580 -0.110 0.300 -0.630 0.430 
-0.140 0.700 0.560 -0.410 -0.360 0.120 -0.230 0.110 0.350 -0.700 
0.880 -0.280 -0.960 -0.990 -0.450 -0.950 0.320 -0.130 -0.730 -0.760 
0.440 0.390 -0.100 -0.210 -0.520 0.520 -0.260 -0.110 -0.180 0.110 
0.840 0.200 -0.670 0.400 0.800 -0.030 -0.480 -0.910 0.610 0.390 
0.910 0.490 -0.880 0.960 0.020 -0.330 -0.990 -0.650 0.540 0.800 
-0.890 -0.500 0.200 0.010 -0.190 0.200 -0.470 0.550 -0.910 -0.120 
-0.820 0.930 0.600 -0.480 -0.150 -0.080 0.490 -0.110 -0.460 -0.380 
-0.720 -0.550 -0.880 -0.600 -0.590 -0.340 0.070 0.950 -0.470 -0.870 
0.750 -0.360 -0.850 -0.530 0.650 -0.030 0.190 0.710 -0.480 0.280 
-0.890 -0.290 -0.270 0.710 0.230 0.100 -0.840 -0.760 0.990 -0.300 
-0.130 0.800 0.150 -0.490 -0.800 0.090 0.170 -0.200 -0.440 0.230 
-0.550 0.830 0.870 -0.390 -0.690 0.530 0.580 0.500 -0.240 -0.900 
-0.690 -0.130 -0.670 -0.440 -0.900 0.080 0.190 -0.740 0.330 -0.300 
-0.520 0.720 -0.500 0.160 -0.770 -0.770 -0.750 -0.080 -0.450 -0.190 
-0.850 0.000 -0.360 0.550 0.130 -0.530 -0.400 -0.770 0.500 0.360 
0.860 0.330 0.750 -0.810 0.890 0.850 0.280 0.080 0.640 -0.870 
0.310 0.640 0.850 0.810 -0.200 0.600 -0.960 0.050 -0.960 -0.890 
0.380 -0.800 0.120 0.550 0.270 0.770 -0.980 0.870 -0.990 0.520 
0.230 0.870 -0.150 -0.020 -0.940 -0.730 -0.650 -0.140 -0.130 0.510 
-0.010 -0.820 0.160 -0.640 0.520 0.960 0.960 0.080 -0.460 -0.990 
0.200 0.920 0.730 0.840 -0.010 0.000 0.610 0.020 -0.610 0.620 
-0.940 0.620 0.490 -0.560 -0.880 0.080 -0.770 -0.530 0.940 -0.380 
0.990 -0.060 -0.670 -0.330 0.300 0.850 -0.370 -0.210 -0.070 -0.310 
-0.680 -0.870 -0.860 0.570 0.970 0.130 -0.910 0.110 0.670 -0.520 
-0.270 0.740 -0.900 0.750 0.700 0.740 -0.170 0.450 -0.790 -0.710 
-0.930 0.720 -0.250 -0.600 -0.610 -0.940 0.770 -0.450 -0.630 -0.290 
0.240 -0.310 -0.640 0.380 0.780 0.860 -0.960 0.870 -0.030 0.710 
-0.650 0.220 -0.030 0.970 -0.030 -0.330 0.710 0.320 0.640 0.440 
0.620 0.240 -0.310 0.890 0.640 0.080 0.950 0.420 0.150 0.840 
0.650 0.920 -0.950 -0.990 -0.180 0.830 0.870 -0.140 0.700 -0.640 
-0.420 0.570 0.590 0.550 0.540 -0.920 0.750 -0.230 -0.070 0.390 
-0.780 -0.450 -0.850 -0.090 0.960 0.800 0.510 0.920 -0.260 -0.810 
0.280 -0.610 -0.890 0.340 0.920 -0.550 0.170 0.800 0.320 -0.600 
0.680 0.900 0.970 0.270 -0.030 0.040 0.360 -0.280 0.330 -0.710 
0.640 0.070 -0.640 0.790 0.980 -0.680 0.110 0.020 0.760 0.370 
-0.270 0.050 0.760 -0.640 0.910 0.210 -0.190 0.080 -0.470 -0.870 
0.480 -0.790 0.550 0.460 0.490 -0.950 -0.980 -0.630 -0.710 0.350 
-0.820 0.930 -0.570 -0.940 0.250 0.930 0.900 0.880 -0.530 0.670 
0.260 0.200 -0.760 -0.460 0.560 -0.850 0.270 0.900 -0.250 0.800 
0.550 -0.760 -0.980 0.110 0.220 0.510 0.160 -0.240 0.400 0.450 
-0.890 0.580 -0.090 -0.940 0.160 0.680 -1.000 0.060 0.080 0.990 
-0.750 0.860 0.200 -0.510 0.930 -0.720 -0.840 0.200 0.700 -0.560 
0.010 0.260 -0.320 0.030 0.890 0.420 -0.940 -0.430 0.700 -0.020 
0.540 0.810 -0.920 -0.550 0.400 0.240 0.650 0.400 -0.700 -0.740 
0.390 -0.440 -0.880 -0.890 -0.430 -0.950 0.920 -0.740 -0.220 0.620 
-0.300 0.790 -0.600 -0.100 -0.660 -0.710 -0.680 -0.600 -0.140 -0.980 
0.380 -0.590 0.350 -0.020 -0.620 -0.250 -0.780 0.560 0.670 -0.480 
0.820 -0.410 -0.400 0.460 -0.300 -0.300 0.520 -0.860 -0.040 -0.700 
0.290 0.660 0.610 0.690 -0.440 0.950 0.990 -0.600 0.870 -0.630 
0.940 -0.230 -0.220 0.290 0.750 -0.310 0.570 0.970 -0.750 0.240 
-0.990 -0.930 0.830 -0.380 0.050 -0.940 0.320 -0.910 0.720 0.800 
0.910 0.010 0.460 0.520 -0.290 0.540 0.470 -0.780 0.940 0.340 
-0.410 0.880 -0.890 0.380 -0.310 0.380 0.590 -0.740 0.350 0.840 
0.030 0.370 0.430 -0.140 0.510 -0.520 -0.560 -0.650 -0.420 -0.830 
-0.850 -0.510 0.180 0.610 0.540 0.410 0.150 -0.470 0.630 -0.390 
0.880 -0.770 -0.510 0.510 0.130 0.180 -0.100 -0.280 -0.030 0.770 
-0.920 -1.000 0.140 0.510 -0.620 -0.830 0.510 -0.170 -0.480 0.610 
-0.480 -0.330 -0.890 0.700 0.800 0.170 -0.360 -0.530 0.700 -0.730 
0.080 0.100 -0.980 0.090 -0.380 -0.330 0.800 0.040 0.390 -0.230 
-0.670 -0.010 -0.710 0.000 -0.500 -0.330 0.170 0.540 0.020 0.220 
0.150 0.540 0.410 -0.220 -0.230 0.220 0.950 0.410 0.210 0.660 
0.200 0.820 -0.240 0.230 -0.570 -0.100 0.900 -0.770 0.460 -0.180 
-0.480 0.800 0.810 -0.190 -0.200 0.840 0.010 0.970 0.380 -0.970 
-0.290 -0.470 0.100 -0.870 0.320 0.870 -0.130 0.270 0.280 0.600 
-0.070 -0.520 0.420 0.220 0.230 0.860 -0.880 0.140 0.610 0.590 
0.480 -0.860 0.390 0.290 -0.530 0.710 0.130 0.480 0.200 -0.490 
0.040 0.920 -0.430 -0.860 -0.950 0.890 -0.990 -0.080 -0.320 -0.190 
-0.480 0.140 -0.190 0.470 -0.640 -0.950 -0.150 -1.000 -0.290 -0.540 
0.590 -0.810 -0.400 -0.500 0.480 -0.400 -0.790 -0.860 -0.920 0.420 
-0.830 0.120 -0.140 -0.260 -0.220 -0.090 -0.850 -0.210 0.350 -0.640 
0.120 0.390 0.500 0.940 -0.620 0.380 0.990 0.230 0.380 -0.780 
0.700 -0.500 -0.590 0.820 -0.480 0.410 -0.580 -0.740 0.070 -0.490 
0.200 0.250 0.150 -0.940 0.990 0.940 -0.030 0.670 -0.750 0.840 
-0.970 0.380 -0.250 0.530 0.320 0.140 -0.570 -0.170 -0.630 0.330 
0.050 -0.930 0.350 -0.020 0.900 0.880 0.910 -0.680 -0.860 -0.010 
-0.650 -0.140 -0.760 0.030 -0.080 0.750 -0.030 0.410 0.420 -0.260 
0.250 -0.030 -0.880 -1.000 -0.980 0.440 0.140 -0.550 0.790 0.040 
0.310 -0.640 0.110 -0.340 0.340 -0.470 -0.460 0.260 -0.620 -0.800 
0.770 -0.750 0.060 -0.990 0.280 0.500 0.280 0.770 -0.090 -0.770 
-0.480 0.680 0.200 -0.360 0.690 0.230 0.610 -0.650 0.200 0.400 
-0.090 -0.490 0.770 0.550 0.180 -0.370 -0.920 0.240 0.410 0.980 
-0.030 0.180 -0.760 0.550 -0.290 0.520 0.060 -1.000 0.300 0.490 
-0.770 0.820 0.180 -0.050 0.980 -0.610 0.700 0.590 -0.740 -0.090 
-0.480 0.180 -0.060 0.810 -0.270 0.640 -0.560 -0.670 -0.110 0.860 
-0.680 0.380 -0.440 -0.920 -0.070 0.280 0.120 0.510 -0.200 -0.580 
0.010 -0.450 0.760 -0.810 0.500 0.270 -0.900 0.210 -0.140 -0.640 
0.640 0.380 0.540 -0.900 0.190 0.790 0.750 0.160 0.650 -0.840 
-0.460 0.970 0.540 0.100 0.570 0.990 0.900 -0.310 0.510 -0.300 
-0.360 -0.480 0.250 0.920 -0.770 -0.720 0.190 -0.670 0.010 -0.940 
-0.790 -0.830 -0.040 0.280 -0.730 0.680 0.070 0.540 -0.160 -0.280 
0.700 -0.100 -0.790 -0.240 -1.000 0.780 -0.720 0.910 -1.000 0.790 
-0.870 -0.360 0.830 -0.090 -0.920 0.580 0.190 0.280 0.430 -0.800 
-0.140 0.640 0.890 0.820 -0.080 -0.840 0.020 -1.000 0.710 0.380 
-0.760 -0.070 -0.720 0.980 0.220 -0.710 0.760 0.500 0.720 0.280 
-0.190 0.370 0.440 -0.360 -0.720 0.530 0.740 -0.010 -0.190 0.170 
-0.290 0.670 -0.190 -0.400 0.010 0.740 -0.230 0.560 0.260 -1.000 
-0.060 0.020 -0.550 0.230 0.000 0.190 0.520 -0.710 -0.310 -0.240 
0.570 0.020 -0.870 0.020 0.660 0.940 -0.450 -0.080 -0.070 -0.120 
-0.910 0.650 -0.930 -0.090 0.770 -0.400 -0.830 -0.460 -0.840 0.430 
-0.940 0.110 -0.550 -0.960 -0.660 -0.020 0.230 0.380 0.270 0.930 
0.660 -0.160 -0.530 0.310 0.380 -0.860 0.250 0.450 -0.420 0.710 
-0.670 -0.320 -0.120 0.920 0.590 -0.350 -0.470 0.760 -0.280 -0.790 
-0.290 -0.700 0.320 -0.320 -0.660 0.180 0.660 0.580 -0.920 -0.070 
0.030 0.740 0.300 0.500 0.060 -0.320 0.160 0.830 -0.860 0.750 
0.540 0.990 -0.570 -0.580 0.920 0.540 -0.400 0.970 -0.180 0.320 
-0.820 0.050 0.620 0.030 0.730 0.970 -0.790 -0.080 0.070 -0.700 
